0 62 1873 2168 2423 2508 2872 2892 
1 10 49 57 58 64 266 826 1580 1873 2148 2886 2989 
2 61 62 64 1872 2508 
3 2168 2423 2989 
4 1846 2872 2886 
5 10 826 1580 
6 58 2892 
7 49 1856 1872 2148 2872 3015 
8 266 826 1873 
9 49 57 61 1873 2122 
a 3 7 8 14 15 20 22 26 30 31 33 37 41 42 46 47 50 53 54 55 56 59 65 67 70 71 72 77 78 79 82 83 84 85 89 92 95 99 101 104 110 117 118 122 126 129 131 134 135 138 140 142 143 146 149 152 156 157 158 159 161 163 164 166 167 170 175 180 181 183 185 186 189 195 196 198 199 200 203 205 207 211 212 213 220 225 226 228 230 232 234 236 237 240 243 244 245 247 249 250 252 253 255 257 258 259 263 269 272 274 277 279 281 287 290 291 293 297 300 301 304 305 307 308 309 314 315 319 321 323 328 329 331 332 334 338 341 342 344 347 351 355 356 358 362 364 365 366 368 370 371 372 376 385 387 390 391 392 400 401 406 407 408 411 412 413 418 423 425 428 429 430 432 433 434 436 438 439 440 443 446 448 449 462 465 467 468 469 470 471 475 479 482 484 485 486 487 490 492 493 494 495 496 497 503 504 506 508 509 510 511 515 516 518 523 524 525 526 527 528 529 530 531 533 534 535 536 538 544 545 546 547 549 550 552 553 555 557 558 563 564 567 569 572 573 574 577 581 586 588 591 592 593 594 599 609 610 611 613 614 624 625 626 627 628 629 632 633 635 639 646 649 650 656 659 660 661 663 668 669 670 671 672 678 679 681 682 683 684 685 686 688 689 692 693 694 699 701 703 706 708 712 716 717 721 724 725 726 728 729 730 735 736 737 738 741 746 747 749 756 757 758 760 761 762 763 764 765 767 773 774 775 779 781 784 786 787 792 798 799 801 802 806 808 814 815 817 818 819 820 821 827 828 829 830 831 832 834 835 837 843 844 846 849 852 854 855 856 860 861 866 867 869 870 871 873 874 875 878 879 881 884 886 887 889 890 893 896 898 901 903 905 906 907 908 909 910 914 915 916 920 921 922 927 928 932 937 939 942 943 944 948 950 954 957 958 959 960 961 962 963 967 968 969 972 973 983 984 985 987 990 996 1000 1010 1011 1013 1015 1016 1019 1020 1022 1030 1032 1033 1039 1041 1045 1048 1049 1053 1057 1058 1060 1069 1070 1071 1072 1073 1078 1079 1080 1083 1084 1086 1089 1091 1094 1099 1100 1103 1105 1107 1108 1109 1111 1112 1113 1116 1118 1119 1121 1123 1125 1126 1131 1133 1137 1140 1141 1142 1144 1145 1146 1149 1150 1153 1159 1164 1165 1168 1169 1170 1171 1172 1173 1176 1177 1178 1180 1181 1185 1187 1188 1192 1197 1201 1202 1203 1204 1206 1207 1213 1215 1217 1219 1220 1221 1223 1224 1225 1226 1227 1228 1229 1230 1232 1233 1235 1243 1245 1246 1247 1248 1249 1254 1257 1259 1260 1262 1263 1267 1268 1272 1274 1275 1276 1278 1283 1284 1289 1290 1291 1293 1294 1295 1298 1300 1305 1306 1309 1311 1313 1315 1316 1318 1320 1322 1326 1327 1329 1331 1337 1344 1345 1346 1348 1350 1351 1352 1354 1355 1356 1357 1359 1362 1364 1365 1368 1370 1373 1376 1379 1380 1381 1382 1383 1385 1387 1389 1392 1398 1405 1408 1411 1418 1421 1423 1425 1427 1429 1430 1431 1433 1434 1437 1440 1443 1444 1445 1447 1449 1450 1451 1452 1454 1455 1463 1465 1472 1473 1477 1478 1482 1483 1487 1488 1490 1492 1494 1502 1505 1506 1508 1509 1510 1511 1512 1513 1518 1521 1524 1526 1528 1529 1530 1531 1532 1533 1535 1536 1537 1538 1540 1542 1545 1550 1555 1557 1560 1563 1564 1566 1568 1569 1570 1572 1576 1578 1579 1581 1582 1585 1586 1588 1590 1591 1592 1599 1602 1605 1606 1608 1611 1613 1614 1615 1616 1621 1624 1626 1629 1640 1641 1644 1647 1648 1651 1653 1654 1658 1659 1660 1664 1666 1667 1668 1672 1673 1675 1676 1678 1679 1681 1685 1689 1692 1694 1695 1699 1701 1703 1705 1707 1709 1710 1712 1717 1718 1719 1720 1721 1722 1725 1731 1732 1736 1745 1746 1747 1750 1752 1753 1754 1756 1757 1759 1764 1767 1768 1769 1770 1771 1773 1774 1775 1776 1777 1778 1780 1781 1782 1784 1787 1789 1790 1792 1793 1794 1798 1806 1807 1808 1813 1817 1818 1819 1821 1822 1823 1824 1827 1829 1832 1833 1836 1837 1839 1841 1842 1843 1845 1848 1850 1852 1853 1860 1861 1862 1865 1867 1871 1875 1878 1879 1882 1883 1886 1887 1888 1889 1890 1891 1893 1898 1899 1900 1901 1904 1905 1909 1910 1917 1918 1924 1926 1929 1935 1939 1941 1942 1943 1944 1946 1947 1957 1958 1960 1961 1967 1972 1974 1975 1976 1979 1980 1986 1988 1990 1991 1994 1998 2000 2003 2004 2005 2006 2008 2009 2011 2012 2015 2016 2018 2021 2022 2023 2025 2028 2030 2032 2034 2035 2037 2040 2041 2042 2043 2044 2046 2050 2052 2054 2055 2063 2064 2068 2069 2074 2076 2077 2078 2079 2084 2090 2092 2093 2096 2097 2101 2104 2105 2106 2107 2108 2115 2116 2118 2126 2128 2130 2131 2134 2138 2139 2140 2141 2144 2149 2150 2151 2152 2153 2154 2157 2158 2160 2161 2162 2164 2166 2171 2172 2175 2179 2181 2182 2183 2185 2187 2189 2190 2191 2193 2196 2202 2206 2208 2209 2210 2211 2212 2213 2216 2217 2221 2227 2229 2231 2233 2236 2237 2238 2240 2241 2242 2252 2253 2254 2257 2258 2262 2263 2267 2268 2270 2271 2272 2277 2278 2280 2281 2282 2284 2285 2286 2289 2291 2293 2294 2295 2296 2297 2298 2302 2305 2307 2311 2312 2316 2317 2321 2326 2328 2329 2330 2331 2333 2335 2336 2338 2340 2341 2344 2345 2347 2348 2349 2350 2352 2353 2354 2355 2356 2364 2366 2367 2372 2373 2375 2377 2379 2381 2386 2388 2390 2391 2394 2395 2396 2397 2400 2401 2402 2409 2410 2411 2414 2415 2418 2421 2426 2428 2429 2431 2433 2435 2436 2439 2440 2444 2445 2446 2451 2453 2454 2455 2457 2458 2460 2462 2465 2466 2468 2470 2472 2474 2482 2483 2485 2487 2491 2492 2494 2496 2497 2499 2500 2504 2505 2506 2507 2509 2510 2518 2519 2520 2521 2522 2525 2526 2527 2528 2533 2536 2538 2543 2544 2549 2550 2551 2552 2554 2558 2559 2564 2566 2567 2568 2569 2572 2574 2575 2577 2578 2579 2584 2585 2587 2589 2592 2595 2601 2602 2603 2606 2608 2609 2611 2620 2621 2624 2631 2633 2639 2640 2642 2644 2647 2649 2653 2657 2659 2662 2663 2669 2670 2673 2675 2678 2681 2683 2687 2688 2691 2693 2699 2700 2702 2705 2712 2713 2715 2716 2719 2722 2723 2725 2727 2730 2731 2734 2735 2738 2739 2740 2741 2744 2746 2747 2750 2752 2754 2755 2757 2765 2766 2767 2768 2770 2771 2772 2775 2777 2779 2785 2787 2788 2789 2790 2791 2794 2796 2798 2800 2802 2807 2808 2809 2815 2816 2818 2819 2821 2822 2823 2825 2826 2829 2831 2832 2835 2838 2841 2844 2850 2853 2854 2855 2856 2857 2860 2861 2862 2865 2867 2868 2870 2874 2875 2876 2877 2879 2882 2883 2885 2889 2890 2894 2895 2896 2900 2903 2904 2906 2908 2913 2915 2920 2921 2922 2928 2930 2931 2934 2938 2939 2940 2943 2944 2946 2947 2948 2949 2951 2952 2954 2957 2958 2959 2962 2963 2968 2969 2970 2978 2984 2985 2986 2987 2991 2992 2993 2995 2996 3000 3001 3009 3010 3014 3016 3021 3022 3023 3024 3026 3029 3030 3038 3041 3042 3048 3054 3057 3062 3063 3068 3072 3074 3075 3076 3079 3083 3085 3087 3088 3089 3093 3094 3096 3097 3100 3101 3102 3103 3107 3110 3114 3116 3117 3118 3119 3120 3124 3126 3130 3131 3132 3133 3135 3136 3138 3141 3144 3147 3152 3153 3154 3157 3158 3163 3164 3165 3167 3168 3169 3170 
b 1 2 21 45 46 60 79 88 100 101 104 107 109 110 112 116 131 134 135 139 147 149 150 169 178 182 183 196 198 203 207 209 210 213 228 232 246 275 287 296 307 318 320 321 348 359 373 378 389 402 411 417 424 439 441 451 455 465 499 508 513 539 546 547 556 566 576 583 591 592 597 601 619 625 627 632 644 647 656 661 662 667 678 693 705 706 761 764 788 812 814 816 817 824 846 870 878 895 898 903 904 916 921 924 926 929 937 965 968 969 971 984 991 996 1002 1011 1018 1021 1024 1044 1049 1052 1053 1059 1079 1090 1100 1104 1107 1109 1111 1117 1147 1152 1164 1168 1193 1204 1214 1218 1236 1237 1239 1241 1245 1253 1271 1274 1279 1286 1295 1298 1303 1331 1354 1357 1365 1366 1369 1372 1384 1388 1393 1403 1413 1423 1430 1433 1436 1439 1450 1495 1507 1510 1511 1515 1521 1536 1568 1574 1597 1605 1616 1643 1656 1660 1666 1676 1684 1695 1704 1709 1714 1715 1717 1719 1727 1739 1758 1760 1766 1767 1769 1770 1782 1788 1790 1794 1808 1814 1820 1838 1841 1849 1851 1875 1876 1880 1884 1905 1922 1933 1951 1959 1979 1982 1989 2006 2009 2012 2029 2040 2049 2057 2062 2066 2069 2072 2073 2083 2086 2093 2104 2111 2115 2121 2129 2190 2200 2205 2213 2234 2240 2241 2244 2262 2273 2285 2288 2291 2293 2294 2295 2300 2345 2360 2389 2420 2428 2431 2434 2444 2448 2450 2452 2455 2471 2472 2492 2493 2496 2503 2513 2540 2559 2560 2583 2592 2602 2606 2614 2616 2629 2634 2659 2669 2674 2700 2723 2725 2755 2760 2778 2793 2800 2812 2835 2838 2854 2855 2864 2875 2889 2893 2897 2904 2954 2958 2972 2980 2991 2995 3003 3018 3025 3026 3048 3070 3079 3083 3085 3104 3111 3112 3117 3118 3120 3130 3133 3137 3140 3141 3147 
c 0 4 8 13 15 18 19 26 34 36 39 43 48 56 67 69 70 76 78 85 88 101 103 110 113 115 116 121 132 133 135 137 140 142 151 156 161 165 166 167 175 188 191 197 202 212 216 220 222 223 225 229 230 234 235 237 247 249 250 255 263 271 272 277 280 281 294 297 303 305 314 317 321 329 331 332 335 337 339 347 352 354 355 361 368 369 373 375 377 380 386 388 390 391 392 396 398 404 411 419 420 422 423 425 431 435 437 438 443 445 456 458 472 474 478 485 488 496 503 511 512 514 515 516 518 527 529 530 531 532 534 535 546 548 553 559 560 561 562 563 565 568 573 583 587 588 590 594 598 605 617 620 622 623 633 635 640 642 643 644 645 650 654 656 657 659 660 667 673 678 680 682 683 686 688 689 691 695 699 701 703 707 711 715 723 724 725 728 729 730 731 734 738 745 746 751 752 753 757 759 763 764 771 774 777 781 787 789 791 794 799 807 809 811 812 815 819 827 828 834 839 842 844 845 846 849 858 859 862 863 864 871 881 885 890 891 892 894 904 905 915 916 917 920 924 925 937 943 955 956 964 968 970 973 975 996 997 998 1001 1010 1024 1025 1031 1032 1033 1034 1037 1045 1046 1049 1054 1064 1073 1079 1080 1084 1090 1097 1100 1106 1107 1109 1113 1121 1124 1131 1132 1139 1140 1146 1151 1152 1159 1162 1168 1175 1176 1185 1196 1198 1208 1212 1217 1220 1221 1222 1225 1228 1234 1247 1249 1256 1259 1264 1270 1275 1281 1283 1285 1297 1300 1304 1307 1313 1314 1315 1316 1321 1322 1323 1324 1325 1326 1327 1334 1345 1347 1348 1351 1354 1355 1356 1358 1360 1361 1363 1364 1373 1378 1389 1394 1395 1400 1401 1402 1407 1408 1409 1410 1419 1433 1437 1438 1441 1442 1445 1446 1447 1450 1451 1463 1468 1469 1476 1479 1480 1481 1482 1490 1492 1493 1496 1500 1509 1513 1516 1522 1526 1527 1528 1532 1533 1535 1537 1542 1553 1556 1560 1562 1566 1576 1582 1583 1584 1586 1590 1597 1601 1603 1604 1609 1611 1616 1619 1624 1626 1627 1636 1638 1639 1659 1663 1668 1677 1678 1686 1691 1692 1696 1708 1709 1718 1724 1730 1736 1738 1746 1748 1753 1755 1757 1764 1765 1768 1772 1778 1780 1783 1784 1786 1787 1793 1794 1798 1800 1803 1806 1807 1810 1813 1820 1823 1825 1826 1828 1832 1835 1836 1843 1853 1855 1858 1861 1862 1865 1867 1869 1876 1877 1885 1894 1895 1896 1901 1904 1908 1912 1915 1917 1923 1929 1932 1933 1937 1939 1940 1944 1946 1950 1960 1963 1978 1982 1986 1992 1997 2000 2003 2008 2009 2010 2015 2017 2024 2025 2026 2029 2040 2044 2045 2049 2051 2060 2061 2065 2067 2068 2069 2074 2081 2082 2090 2094 2095 2105 2107 2108 2110 2112 2115 2118 2119 2121 2124 2126 2128 2138 2140 2143 2145 2151 2152 2153 2154 2165 2166 2167 2179 2180 2181 2183 2184 2190 2191 2208 2214 2215 2218 2219 2228 2232 2237 2242 2245 2250 2251 2258 2260 2268 2269 2271 2273 2274 2289 2291 2293 2298 2300 2302 2303 2308 2310 2311 2312 2314 2326 2327 2330 2333 2334 2335 2344 2347 2348 2352 2353 2368 2371 2373 2383 2391 2393 2394 2395 2399 2400 2407 2409 2410 2412 2416 2417 2419 2422 2428 2432 2436 2437 2440 2447 2448 2451 2453 2455 2457 2459 2467 2470 2481 2482 2487 2489 2490 2494 2497 2498 2499 2502 2505 2506 2507 2509 2516 2517 2518 2519 2521 2523 2530 2532 2534 2538 2545 2546 2549 2573 2574 2582 2590 2591 2593 2595 2598 2599 2605 2607 2610 2612 2613 2614 2617 2620 2621 2630 2632 2635 2643 2647 2649 2652 2655 2664 2666 2670 2677 2679 2681 2691 2692 2693 2695 2711 2713 2718 2719 2721 2724 2729 2730 2731 2732 2733 2734 2740 2742 2746 2749 2750 2751 2752 2756 2762 2764 2769 2771 2777 2783 2785 2790 2794 2801 2804 2805 2809 2816 2818 2820 2821 2822 2823 2829 2832 2836 2837 2838 2852 2853 2876 2877 2878 2880 2882 2884 2887 2905 2907 2918 2920 2922 2923 2932 2942 2959 2965 2969 2978 2985 2991 2996 2998 2999 3002 3006 3008 3017 3019 3022 3025 3038 3042 3050 3054 3069 3072 3076 3079 3081 3082 3085 3099 3109 3114 3115 3116 3120 3121 3140 3141 3143 3149 3150 3156 3158 3159 
d 3 9 16 20 21 22 27 30 37 38 46 50 55 59 63 69 72 73 75 78 81 82 86 96 99 103 104 118 122 129 132 134 135 136 142 149 152 157 159 161 163 165 166 169 178 182 187 191 194 200 205 206 209 214 215 219 220 221 223 226 232 238 240 242 244 249 250 253 257 258 259 262 270 273 274 275 276 277 279 280 282 283 289 296 301 304 305 306 308 310 314 315 323 325 326 328 332 336 339 341 343 344 350 352 358 359 360 365 366 368 377 378 386 390 392 393 395 396 397 398 405 410 419 421 425 430 435 439 445 448 450 451 454 461 467 468 470 473 476 483 486 488 495 504 509 519 523 526 546 549 557 559 568 569 576 578 585 587 589 598 611 612 615 621 624 625 627 629 632 634 637 638 640 642 645 648 651 654 658 660 661 662 663 666 668 669 670 676 681 687 694 695 704 705 724 727 729 741 743 746 749 751 755 759 762 763 767 769 770 771 775 778 779 780 786 787 789 801 804 806 807 811 815 819 830 833 837 841 845 855 858 859 860 862 864 865 866 871 872 874 875 879 884 885 889 890 893 894 905 906 907 911 918 922 923 924 927 928 930 935 939 940 944 945 952 956 957 966 967 973 976 977 982 983 984 985 986 988 989 990 991 992 994 995 998 1001 1002 1008 1014 1020 1022 1026 1027 1031 1032 1036 1037 1050 1052 1054 1056 1057 1058 1065 1067 1070 1071 1072 1074 1078 1080 1081 1082 1085 1087 1091 1094 1096 1101 1102 1105 1106 1110 1113 1115 1117 1118 1124 1128 1129 1130 1134 1135 1141 1143 1145 1147 1153 1163 1166 1167 1172 1173 1174 1175 1178 1182 1183 1184 1185 1187 1189 1192 1195 1203 1204 1206 1209 1213 1214 1218 1222 1225 1226 1227 1230 1231 1234 1240 1244 1256 1260 1263 1270 1274 1276 1278 1282 1285 1294 1296 1306 1311 1317 1319 1323 1325 1329 1332 1335 1337 1343 1355 1358 1362 1363 1367 1369 1374 1377 1380 1382 1384 1386 1389 1390 1396 1401 1403 1407 1408 1410 1411 1412 1414 1418 1425 1438 1439 1440 1444 1448 1449 1452 1453 1454 1460 1465 1466 1468 1469 1476 1483 1484 1490 1495 1496 1497 1498 1505 1506 1512 1520 1523 1525 1526 1528 1529 1534 1540 1541 1551 1552 1553 1558 1562 1563 1564 1568 1572 1573 1575 1576 1578 1585 1590 1591 1592 1593 1597 1599 1600 1601 1605 1606 1612 1615 1616 1617 1618 1620 1625 1626 1628 1629 1636 1643 1644 1646 1647 1650 1653 1656 1658 1670 1675 1677 1678 1679 1686 1692 1693 1697 1699 1702 1706 1707 1710 1715 1718 1724 1729 1736 1737 1738 1741 1742 1743 1744 1747 1750 1752 1753 1759 1763 1766 1767 1772 1774 1776 1777 1783 1786 1794 1799 1801 1815 1817 1820 1824 1836 1837 1849 1853 1861 1863 1868 1886 1890 1891 1903 1907 1919 1922 1925 1936 1943 1945 1948 1952 1954 1960 1965 1967 1974 1975 1987 1988 1989 1992 1993 1995 1999 2001 2002 2003 2004 2005 2009 2010 2011 2013 2015 2019 2020 2023 2026 2031 2033 2035 2036 2039 2043 2045 2047 2053 2054 2055 2057 2061 2062 2068 2076 2077 2079 2083 2084 2091 2093 2094 2095 2096 2097 2098 2100 2101 2109 2110 2115 2116 2117 2120 2123 2127 2128 2136 2138 2139 2147 2149 2154 2163 2165 2170 2171 2175 2183 2187 2189 2198 2205 2207 2220 2221 2225 2226 2227 2230 2236 2241 2242 2245 2246 2248 2251 2254 2256 2261 2272 2273 2276 2277 2281 2285 2287 2299 2302 2305 2310 2317 2321 2323 2325 2329 2332 2336 2339 2340 2342 2347 2350 2355 2359 2361 2363 2364 2365 2366 2368 2372 2374 2375 2380 2383 2386 2395 2396 2403 2404 2407 2412 2419 2424 2429 2434 2437 2443 2447 2450 2456 2457 2459 2463 2465 2467 2469 2475 2478 2479 2481 2489 2490 2493 2495 2498 2503 2509 2515 2519 2525 2527 2530 2531 2533 2534 2539 2540 2541 2543 2550 2552 2556 2557 2563 2571 2572 2574 2576 2579 2580 2581 2586 2596 2597 2599 2601 2605 2606 2611 2616 2620 2621 2630 2632 2633 2638 2640 2642 2646 2660 2661 2663 2668 2673 2676 2679 2680 2681 2682 2683 2702 2705 2711 2716 2724 2725 2729 2733 2738 2743 2745 2747 2748 2751 2754 2755 2757 2758 2762 2764 2766 2771 2777 2780 2781 2786 2795 2803 2805 2806 2809 2810 2822 2825 2827 2828 2830 2831 2836 2838 2845 2855 2858 2866 2867 2873 2881 2882 2883 2891 2893 2895 2900 2906 2913 2915 2916 2921 2922 2924 2927 2930 2931 2935 2938 2945 2950 2951 2954 2955 2956 2963 2965 2966 2967 2973 2974 2975 2978 2982 2983 2986 2987 2999 3000 3003 3004 3005 3006 3009 3014 3019 3026 3030 3035 3045 3048 3049 3052 3053 3054 3061 3064 3077 3084 3086 3091 3092 3093 3094 3095 3100 3104 3108 3115 3120 3121 3122 3127 3128 3129 3130 3133 3134 3137 3143 3146 3147 3149 3150 3152 3153 3156 3159 3160 3161 3164 
e 0 1 2 3 4 5 9 11 17 18 21 22 23 24 25 26 27 28 29 30 31 34 36 38 39 40 43 44 45 46 48 50 51 52 54 55 59 60 63 65 66 67 68 69 73 74 75 76 79 80 81 82 83 85 86 87 88 89 90 91 92 94 96 98 99 100 101 102 103 105 106 108 109 110 111 112 113 114 115 116 118 119 120 121 122 123 124 125 127 128 129 130 131 133 135 137 138 139 140 141 142 143 145 147 148 149 150 151 153 154 155 157 158 161 162 163 164 165 170 171 173 174 176 177 180 181 183 184 185 186 187 188 189 190 191 192 193 195 196 197 199 200 202 203 205 207 208 209 211 212 214 216 217 218 219 220 222 223 224 225 226 227 228 229 230 231 232 233 235 236 240 241 242 244 246 247 249 250 251 256 257 258 260 261 262 265 267 268 269 270 272 273 274 275 277 280 281 282 283 285 289 291 292 294 295 300 301 303 305 308 309 313 314 315 317 318 320 321 322 327 328 330 332 334 335 337 339 341 344 346 348 349 350 351 352 353 355 356 358 359 360 361 363 366 367 368 369 370 372 373 374 375 377 378 379 381 382 383 384 385 386 387 390 391 392 393 394 395 396 398 399 400 404 406 407 409 413 414 416 417 419 420 422 423 424 425 426 427 429 430 431 432 433 434 436 437 438 439 440 441 443 446 447 448 451 453 454 455 456 458 459 461 462 464 465 468 469 470 471 473 475 476 477 478 480 481 482 483 484 485 486 487 488 492 494 497 498 499 502 503 504 506 507 508 509 510 512 515 516 518 521 522 523 524 527 528 532 533 534 535 536 538 540 541 542 543 544 545 547 548 549 550 551 553 557 560 562 563 565 566 567 568 569 570 571 572 573 574 575 579 582 585 587 590 592 593 594 595 596 601 602 603 605 608 610 611 613 615 616 617 618 620 621 623 624 626 629 630 632 634 637 638 639 640 642 643 645 648 650 651 654 655 657 658 659 660 662 664 665 666 667 669 670 674 675 676 677 680 681 682 683 685 686 689 693 694 695 697 698 699 700 704 706 707 708 709 710 711 712 714 715 716 718 719 720 721 723 724 725 726 728 729 730 731 733 734 735 736 738 739 740 741 743 744 746 747 748 751 752 753 755 756 758 759 760 761 762 763 764 766 767 768 769 771 773 774 775 776 777 780 781 782 785 786 787 788 789 792 793 796 799 801 804 805 806 807 809 810 812 815 816 819 821 822 825 831 832 833 834 835 837 840 841 842 843 844 845 847 848 849 851 852 853 854 855 858 859 861 862 863 864 865 866 868 869 871 872 873 874 876 878 879 880 881 882 884 885 887 888 889 892 896 897 898 899 900 902 903 905 909 912 913 914 915 916 917 919 924 925 927 928 930 931 932 936 937 938 939 940 942 945 949 952 954 955 956 957 959 960 963 965 966 967 968 969 970 973 974 975 976 977 981 982 983 984 985 986 988 990 991 992 993 994 995 996 997 998 999 1000 1001 1002 1003 1005 1007 1008 1009 1012 1014 1016 1017 1020 1023 1026 1029 1030 1032 1034 1035 1036 1037 1038 1039 1042 1043 1045 1046 1050 1051 1052 1053 1054 1055 1056 1057 1058 1059 1060 1061 1062 1064 1065 1066 1067 1068 1069 1070 1071 1074 1076 1077 1078 1081 1082 1085 1086 1087 1089 1090 1091 1093 1094 1095 1096 1097 1099 1100 1101 1102 1103 1104 1105 1106 1110 1111 1112 1113 1115 1117 1122 1124 1127 1128 1129 1130 1132 1133 1134 1135 1137 1138 1141 1142 1143 1144 1147 1148 1149 1152 1155 1156 1158 1159 1160 1162 1163 1165 1166 1170 1171 1172 1174 1175 1176 1177 1181 1182 1183 1184 1185 1192 1194 1195 1198 1200 1204 1205 1206 1208 1209 1210 1213 1214 1216 1217 1218 1219 1222 1225 1226 1227 1228 1229 1230 1234 1235 1236 1237 1241 1242 1243 1244 1245 1247 1248 1249 1250 1252 1257 1260 1261 1262 1263 1266 1267 1268 1270 1271 1272 1273 1274 1276 1279 1280 1281 1282 1285 1286 1287 1288 1289 1291 1292 1294 1295 1296 1299 1300 1301 1302 1303 1305 1306 1307 1308 1310 1311 1312 1314 1315 1316 1319 1323 1325 1328 1329 1332 1335 1336 1337 1339 1342 1343 1344 1345 1346 1347 1348 1349 1350 1351 1354 1355 1357 1358 1360 1361 1363 1365 1366 1367 1369 1371 1372 1373 1374 1375 1376 1377 1378 1380 1382 1383 1384 1385 1386 1387 1388 1389 1390 1391 1392 1395 1396 1398 1402 1404 1406 1407 1408 1409 1410 1411 1412 1413 1414 1418 1419 1420 1422 1423 1424 1426 1430 1432 1433 1435 1436 1438 1444 1445 1447 1448 1449 1450 1451 1453 1454 1455 1456 1458 1460 1461 1463 1464 1466 1467 1469 1471 1476 1479 1480 1481 1482 1483 1484 1489 1490 1491 1492 1496 1497 1498 1502 1503 1504 1505 1509 1512 1513 1514 1516 1517 1518 1519 1520 1521 1522 1524 1525 1526 1527 1528 1529 1531 1532 1534 1535 1536 1538 1539 1540 1541 1542 1543 1544 1545 1546 1549 1552 1553 1556 1558 1559 1560 1562 1563 1564 1565 1566 1567 1569 1570 1571 1572 1574 1575 1577 1578 1579 1584 1585 1587 1588 1589 1590 1591 1592 1593 1595 1597 1598 1599 1601 1603 1605 1606 1608 1610 1611 1612 1615 1616 1617 1618 1619 1620 1622 1623 1624 1625 1626 1627 1628 1629 1630 1631 1633 1634 1635 1638 1640 1641 1642 1643 1644 1646 1647 1648 1649 1650 1651 1653 1654 1655 1656 1658 1659 1660 1662 1663 1664 1665 1666 1668 1671 1677 1681 1682 1686 1688 1689 1690 1694 1695 1696 1698 1699 1700 1701 1702 1704 1705 1706 1707 1708 1711 1714 1717 1718 1719 1720 1721 1722 1723 1724 1725 1726 1727 1728 1729 1730 1734 1737 1738 1739 1741 1742 1744 1745 1746 1747 1750 1751 1752 1755 1756 1757 1759 1760 1762 1763 1764 1766 1770 1771 1772 1773 1775 1776 1777 1778 1779 1781 1783 1786 1787 1792 1794 1795 1796 1798 1799 1800 1801 1803 1804 1805 1808 1814 1815 1817 1820 1821 1823 1825 1827 1828 1829 1830 1833 1834 1835 1837 1838 1839 1841 1842 1844 1847 1850 1851 1855 1857 1859 1860 1861 1862 1863 1868 1869 1870 1875 1882 1883 1885 1887 1889 1890 1891 1892 1893 1894 1896 1897 1901 1904 1906 1907 1908 1911 1912 1913 1914 1916 1917 1919 1920 1922 1923 1927 1929 1930 1937 1938 1941 1942 1945 1946 1947 1948 1949 1951 1952 1954 1958 1960 1961 1963 1964 1965 1966 1972 1973 1974 1975 1976 1978 1981 1984 1985 1988 1989 1990 1992 1993 1994 1995 1996 1998 1999 2001 2003 2004 2006 2007 2008 2010 2011 2013 2015 2017 2018 2019 2020 2022 2023 2024 2025 2026 2028 2029 2033 2035 2036 2037 2038 2040 2041 2043 2044 2045 2046 2047 2049 2051 2053 2058 2059 2062 2063 2065 2066 2068 2071 2073 2074 2076 2077 2082 2083 2084 2085 2086 2088 2089 2091 2093 2094 2095 2097 2098 2099 2100 2101 2105 2107 2109 2110 2113 2116 2117 2119 2120 2121 2123 2125 2127 2128 2131 2137 2144 2145 2146 2147 2149 2154 2155 2156 2158 2159 2161 2162 2164 2165 2166 2167 2169 2170 2171 2173 2174 2175 2177 2181 2184 2185 2189 2190 2194 2195 2196 2198 2199 2200 2201 2203 2206 2208 2209 2211 2212 2216 2218 2219 2220 2221 2223 2224 2226 2227 2228 2230 2233 2234 2236 2237 2238 2242 2245 2247 2248 2251 2253 2256 2257 2261 2262 2264 2265 2266 2269 2270 2273 2274 2276 2281 2282 2284 2285 2287 2289 2290 2296 2297 2298 2299 2301 2306 2308 2309 2311 2313 2314 2315 2317 2318 2319 2321 2322 2324 2325 2327 2328 2329 2330 2331 2332 2333 2334 2335 2336 2339 2342 2344 2347 2348 2350 2352 2353 2354 2355 2357 2358 2359 2360 2361 2362 2364 2365 2366 2367 2368 2369 2370 2371 2372 2374 2375 2377 2378 2379 2382 2383 2384 2385 2387 2390 2391 2397 2399 2400 2405 2407 2409 2412 2415 2416 2417 2418 2419 2420 2421 2422 2424 2425 2426 2427 2428 2429 2430 2435 2439 2440 2442 2443 2447 2448 2449 2451 2452 2454 2456 2457 2460 2462 2464 2465 2466 2467 2469 2470 2471 2472 2477 2478 2479 2480 2481 2482 2484 2485 2486 2488 2489 2490 2492 2493 2494 2495 2498 2501 2502 2503 2504 2505 2509 2510 2512 2515 2516 2517 2520 2521 2522 2523 2525 2530 2531 2533 2534 2535 2536 2537 2538 2539 2541 2544 2545 2546 2547 2548 2551 2552 2553 2554 2555 2557 2558 2559 2565 2569 2571 2574 2575 2576 2577 2579 2580 2581 2584 2586 2588 2589 2591 2595 2596 2597 2599 2601 2602 2605 2607 2610 2611 2612 2613 2616 2619 2621 2623 2624 2625 2626 2627 2628 2631 2632 2633 2634 2635 2636 2637 2638 2640 2645 2646 2648 2649 2650 2651 2652 2653 2654 2655 2656 2658 2659 2660 2661 2663 2664 2665 2666 2667 2668 2669 2670 2671 2673 2675 2676 2677 2678 2679 2680 2681 2682 2686 2689 2690 2691 2692 2693 2694 2695 2696 2697 2699 2700 2701 2703 2704 2705 2707 2709 2710 2711 2715 2716 2717 2719 2720 2722 2723 2724 2726 2727 2729 2732 2734 2736 2737 2738 2739 2742 2743 2745 2747 2748 2749 2751 2753 2754 2756 2757 2760 2761 2762 2763 2764 2765 2767 2768 2769 2770 2771 2772 2773 2776 2777 2779 2781 2782 2783 2784 2785 2786 2787 2792 2793 2794 2795 2796 2797 2799 2802 2803 2804 2805 2806 2808 2809 2810 2811 2813 2814 2815 2819 2820 2822 2823 2825 2827 2828 2829 2830 2831 2832 2836 2837 2838 2840 2841 2843 2844 2845 2846 2847 2848 2849 2850 2852 2856 2857 2858 2859 2860 2862 2863 2864 2865 2868 2869 2870 2871 2874 2876 2877 2878 2879 2880 2881 2883 2887 2888 2890 2891 2893 2899 2900 2901 2902 2903 2905 2908 2909 2911 2913 2915 2916 2918 2919 2920 2921 2922 2923 2924 2925 2926 2931 2933 2934 2935 2937 2939 2941 2942 2943 2944 2945 2946 2947 2948 2950 2951 2954 2955 2956 2958 2960 2961 2962 2963 2964 2965 2966 2967 2968 2969 2970 2974 2975 2978 2982 2983 2985 2986 2991 2992 2993 2994 2996 2997 2998 2999 3000 3002 3003 3004 3005 3006 3008 3009 3010 3012 3013 3014 3016 3017 3018 3019 3020 3022 3023 3024 3026 3027 3028 3029 3030 3031 3032 3035 3037 3038 3039 3040 3041 3042 3043 3044 3045 3046 3047 3048 3050 3051 3052 3054 3055 3057 3060 3061 3063 3064 3066 3069 3071 3072 3075 3076 3077 3078 3080 3081 3082 3083 3084 3085 3086 3088 3089 3090 3093 3094 3095 3096 3097 3100 3101 3103 3104 3105 3108 3109 3111 3112 3113 3114 3116 3117 3121 3122 3123 3126 3128 3129 3132 3133 3134 3135 3136 3137 3139 3141 3142 3143 3144 3145 3146 3148 3149 3150 3151 3154 3156 3158 3159 3160 3161 3163 3164 3165 3166 3169 3170 3171 
f 24 33 34 40 124 137 143 145 162 167 187 194 197 201 216 225 234 241 252 262 292 299 322 338 346 347 366 374 376 381 383 410 416 426 439 457 482 503 517 527 553 563 571 573 580 616 631 639 646 649 653 698 711 723 735 782 786 789 802 811 813 818 822 844 851 866 881 898 909 942 945 954 972 983 986 1006 1014 1016 1026 1028 1030 1047 1074 1080 1094 1102 1103 1106 1128 1165 1169 1170 1185 1205 1207 1209 1223 1236 1240 1266 1274 1282 1285 1297 1310 1312 1338 1341 1342 1371 1381 1385 1396 1399 1404 1405 1409 1424 1433 1434 1471 1481 1489 1494 1521 1531 1534 1537 1556 1561 1565 1589 1594 1612 1629 1638 1641 1649 1659 1665 1670 1671 1679 1685 1690 1708 1711 1738 1739 1741 1750 1765 1776 1777 1791 1792 1795 1809 1810 1816 1832 1834 1855 1859 1869 1870 1878 1890 1898 1910 1914 1921 1923 1934 1945 1977 1995 2005 2006 2012 2025 2033 2039 2040 2046 2050 2052 2055 2058 2059 2079 2090 2092 2113 2125 2132 2137 2151 2152 2193 2196 2198 2218 2235 2255 2271 2275 2278 2298 2313 2319 2368 2380 2407 2408 2410 2417 2419 2425 2427 2429 2446 2454 2474 2483 2490 2491 2505 2511 2515 2528 2546 2552 2601 2612 2615 2618 2620 2633 2638 2661 2682 2689 2700 2703 2706 2708 2718 2720 2723 2729 2730 2746 2778 2787 2795 2802 2810 2819 2856 2857 2862 2868 2898 2902 2903 2910 2914 2922 2924 2927 2950 2958 2962 2964 2970 2978 2979 2982 2998 3001 3012 3033 3035 3045 3056 3058 3066 3067 3073 3098 3101 3105 3124 3145 3156 
g 1 13 15 20 21 23 26 31 35 65 66 69 73 83 92 106 138 139 147 152 166 172 178 179 186 206 211 215 217 230 236 238 243 244 251 254 264 267 278 285 292 297 300 319 323 331 334 345 357 362 368 370 373 383 393 401 403 407 409 415 416 417 428 442 443 444 457 463 469 486 505 509 513 520 525 527 528 534 536 542 543 544 545 552 572 581 588 591 593 603 610 618 624 646 658 666 671 672 674 677 686 701 704 705 710 716 717 721 732 742 744 745 746 749 750 753 757 765 766 770 772 775 777 778 779 783 784 790 791 792 794 795 796 805 807 808 809 814 820 835 836 837 838 839 846 851 856 870 873 877 879 888 889 895 902 910 913 918 921 923 930 947 950 953 959 961 967 972 978 979 987 988 992 999 1002 1007 1010 1020 1036 1044 1045 1048 1052 1053 1063 1068 1072 1074 1078 1084 1099 1107 1120 1122 1123 1125 1136 1138 1141 1142 1143 1150 1151 1155 1158 1171 1176 1177 1178 1186 1189 1192 1193 1196 1197 1199 1202 1214 1231 1235 1238 1242 1244 1245 1253 1255 1263 1275 1290 1298 1302 1319 1320 1321 1330 1333 1335 1337 1338 1343 1361 1362 1369 1373 1376 1377 1381 1383 1391 1397 1398 1415 1427 1428 1430 1438 1443 1446 1447 1457 1458 1464 1470 1471 1472 1474 1475 1483 1484 1503 1505 1506 1510 1523 1538 1542 1546 1550 1557 1577 1579 1582 1585 1586 1594 1596 1600 1601 1614 1621 1628 1629 1645 1649 1652 1657 1673 1689 1690 1703 1705 1710 1712 1715 1716 1718 1722 1735 1737 1746 1754 1756 1762 1774 1781 1782 1787 1796 1803 1804 1809 1822 1829 1831 1832 1850 1851 1863 1874 1876 1881 1882 1884 1886 1899 1900 1902 1903 1915 1955 1957 1959 1969 1993 1994 1996 2004 2011 2013 2014 2015 2019 2027 2031 2034 2037 2041 2042 2045 2047 2048 2056 2057 2062 2063 2072 2074 2075 2081 2091 2098 2099 2100 2110 2114 2131 2132 2134 2135 2137 2155 2158 2160 2162 2166 2170 2171 2185 2186 2188 2197 2200 2204 2207 2213 2216 2220 2221 2223 2225 2231 2235 2237 2239 2243 2244 2249 2256 2275 2279 2286 2296 2318 2319 2320 2337 2338 2339 2355 2360 2364 2369 2370 2377 2382 2383 2389 2392 2398 2401 2403 2405 2406 2411 2414 2418 2422 2427 2429 2432 2433 2435 2437 2439 2441 2445 2446 2450 2454 2457 2462 2463 2473 2474 2479 2483 2500 2501 2514 2525 2529 2539 2540 2542 2549 2554 2555 2556 2561 2562 2566 2567 2570 2576 2577 2578 2580 2587 2592 2614 2625 2626 2628 2644 2645 2648 2651 2653 2655 2657 2658 2662 2663 2669 2670 2674 2675 2682 2685 2687 2699 2701 2712 2714 2715 2716 2730 2733 2735 2739 2754 2757 2765 2774 2777 2783 2793 2798 2801 2808 2810 2811 2813 2816 2826 2828 2839 2840 2841 2848 2850 2852 2854 2863 2873 2875 2885 2889 2891 2894 2897 2902 2903 2916 2930 2933 2934 2938 2941 2943 2944 2952 2955 2966 2967 2968 2972 2976 2981 2992 3011 3016 3020 3023 3031 3032 3046 3062 3065 3075 3087 3092 3096 3098 3100 3102 3103 3106 3113 3122 3125 3131 3132 3150 3153 3155 3166 
h 4 5 7 13 15 18 22 26 35 47 53 56 66 67 79 80 82 87 91 94 98 102 105 107 108 110 111 114 116 118 131 140 168 189 190 196 200 203 233 246 249 253 257 264 265 295 301 303 304 307 316 321 324 329 330 338 345 351 365 368 369 377 382 383 385 400 415 418 420 427 428 432 442 444 449 456 459 480 489 498 502 513 519 520 527 538 541 549 555 558 563 577 579 580 582 585 591 595 613 617 618 620 622 623 628 629 636 637 644 649 663 667 671 672 673 676 677 679 690 701 703 704 710 713 720 731 739 741 769 776 777 785 786 795 796 808 813 814 815 816 820 822 823 849 850 856 857 879 881 886 889 893 896 902 903 910 916 920 927 934 943 946 966 982 990 998 1000 1001 1005 1010 1011 1015 1017 1024 1026 1031 1032 1033 1045 1048 1052 1053 1057 1071 1072 1100 1108 1113 1114 1115 1117 1120 1121 1131 1137 1139 1146 1153 1154 1157 1159 1162 1164 1174 1187 1188 1195 1196 1202 1217 1220 1244 1247 1251 1253 1255 1258 1276 1288 1300 1305 1310 1319 1331 1336 1340 1345 1355 1362 1370 1377 1382 1386 1396 1406 1408 1415 1417 1420 1421 1422 1428 1429 1430 1441 1444 1451 1454 1455 1462 1467 1470 1475 1494 1499 1501 1508 1513 1518 1529 1534 1542 1548 1558 1559 1568 1582 1586 1588 1593 1594 1595 1600 1607 1618 1626 1650 1652 1658 1666 1672 1675 1682 1694 1697 1700 1701 1704 1707 1735 1749 1758 1763 1781 1785 1793 1797 1811 1812 1813 1816 1825 1827 1835 1839 1840 1860 1867 1868 1899 1906 1918 1927 1928 1943 1951 1959 1966 1967 1968 1969 1970 1971 1974 1983 1995 1996 1997 2000 2012 2018 2032 2047 2048 2051 2078 2082 2089 2091 2105 2107 2109 2113 2116 2131 2132 2134 2135 2137 2157 2160 2167 2178 2181 2182 2202 2204 2214 2218 2234 2235 2238 2243 2244 2248 2253 2255 2278 2279 2283 2288 2292 2293 2302 2307 2311 2322 2323 2344 2351 2358 2360 2366 2367 2376 2381 2392 2397 2398 2409 2413 2425 2426 2429 2435 2441 2444 2454 2476 2481 2497 2501 2526 2528 2529 2530 2532 2547 2554 2556 2558 2559 2561 2567 2570 2572 2573 2583 2587 2588 2590 2591 2595 2598 2599 2601 2617 2618 2620 2626 2641 2646 2662 2671 2694 2707 2713 2754 2755 2759 2768 2773 2774 2779 2782 2790 2802 2804 2805 2806 2808 2832 2844 2845 2848 2849 2856 2857 2859 2862 2865 2867 2898 2900 2907 2912 2920 2921 2922 2929 2930 2931 2935 2940 2941 2942 2960 2961 2962 2969 2976 2978 2984 2994 2998 3001 3010 3016 3023 3025 3032 3036 3056 3066 3070 3071 3072 3074 3085 3115 3116 3117 3138 3153 3158 
i 6 11 13 15 20 21 23 24 27 28 29 32 33 34 35 36 37 38 41 42 43 52 63 66 69 70 72 73 77 79 80 84 86 87 93 94 96 97 98 102 105 106 111 114 119 121 122 125 126 128 130 133 134 136 138 139 140 144 146 147 149 152 153 155 156 157 159 160 161 162 165 166 172 173 174 178 182 183 186 187 189 192 193 194 196 197 199 202 203 205 206 209 211 212 213 214 216 222 223 224 225 226 228 230 231 234 235 238 243 245 247 248 249 250 251 252 254 255 259 262 263 264 265 267 269 271 272 277 278 280 282 283 285 287 288 292 294 295 296 297 299 307 308 313 322 324 326 329 331 332 333 337 338 340 346 350 357 360 361 370 373 374 375 376 380 383 384 389 398 399 401 403 404 409 410 413 414 415 416 423 425 426 428 430 435 436 437 438 440 441 442 443 444 445 452 454 456 457 458 460 461 463 469 473 478 485 488 490 491 496 497 498 499 500 501 502 504 505 509 510 511 516 517 518 520 531 533 535 543 544 545 550 553 554 558 560 561 564 567 568 570 572 574 581 585 586 587 588 589 590 592 593 594 597 602 603 604 605 606 609 613 617 618 619 622 623 638 641 645 646 651 655 656 660 662 666 668 669 671 672 673 674 675 678 680 683 688 695 699 702 703 705 710 711 713 714 720 728 729 730 733 734 735 737 738 740 741 742 744 745 748 749 750 751 752 753 756 757 762 765 767 771 772 775 776 777 778 782 783 784 785 788 789 790 791 794 795 797 799 802 804 805 807 809 811 813 814 815 817 822 829 831 833 834 836 839 841 844 846 849 852 855 858 859 861 862 863 865 866 872 875 877 883 884 885 888 890 891 892 895 898 904 905 912 914 917 918 920 922 924 925 928 929 931 936 937 945 947 949 950 951 953 955 958 959 962 964 967 968 969 971 972 978 980 982 983 984 986 987 988 990 993 995 1000 1002 1003 1004 1010 1011 1018 1019 1021 1023 1026 1027 1031 1035 1044 1047 1052 1053 1055 1058 1061 1062 1063 1065 1067 1072 1076 1080 1081 1082 1084 1085 1088 1089 1092 1093 1095 1097 1101 1102 1105 1106 1107 1112 1116 1118 1119 1122 1123 1124 1125 1128 1134 1135 1140 1142 1143 1148 1151 1155 1158 1163 1167 1171 1172 1173 1174 1175 1177 1178 1181 1182 1186 1193 1195 1196 1197 1199 1200 1201 1202 1205 1207 1208 1210 1214 1218 1220 1221 1223 1226 1228 1231 1234 1238 1241 1242 1243 1244 1245 1251 1255 1256 1259 1265 1266 1269 1271 1272 1273 1274 1275 1278 1282 1285 1287 1289 1290 1294 1295 1296 1297 1300 1301 1302 1304 1308 1312 1314 1316 1319 1320 1321 1323 1324 1325 1326 1328 1329 1331 1333 1334 1335 1338 1342 1347 1348 1349 1358 1360 1361 1362 1363 1364 1373 1377 1381 1383 1389 1390 1397 1399 1400 1407 1412 1414 1415 1419 1421 1430 1437 1438 1439 1442 1443 1446 1448 1449 1453 1457 1458 1459 1465 1466 1467 1470 1471 1472 1474 1475 1476 1479 1480 1482 1486 1487 1491 1493 1497 1498 1499 1500 1503 1504 1506 1507 1512 1516 1521 1523 1529 1532 1533 1534 1537 1538 1539 1542 1544 1546 1547 1549 1550 1551 1554 1557 1560 1561 1576 1577 1581 1582 1584 1586 1589 1591 1593 1594 1596 1597 1600 1601 1604 1609 1610 1613 1614 1617 1618 1621 1626 1634 1639 1640 1642 1643 1645 1646 1649 1652 1655 1657 1661 1668 1670 1671 1672 1674 1675 1678 1679 1680 1686 1689 1690 1692 1695 1696 1698 1700 1701 1703 1704 1709 1710 1712 1713 1714 1715 1716 1720 1723 1726 1727 1729 1732 1733 1735 1736 1737 1739 1742 1743 1744 1747 1753 1754 1755 1758 1768 1772 1774 1782 1783 1784 1786 1788 1793 1794 1797 1802 1803 1804 1808 1811 1816 1820 1821 1822 1824 1825 1826 1827 1829 1831 1832 1833 1835 1836 1839 1840 1842 1844 1848 1851 1855 1863 1864 1866 1871 1874 1877 1878 1879 1881 1884 1885 1886 1888 1890 1891 1894 1896 1900 1902 1903 1905 1908 1909 1912 1915 1919 1920 1923 1929 1931 1933 1936 1939 1940 1944 1946 1947 1948 1950 1952 1953 1957 1959 1962 1963 1967 1969 1982 1983 1985 1987 1988 1991 1994 1997 2000 2003 2005 2007 2017 2018 2021 2024 2026 2027 2031 2033 2035 2038 2042 2044 2045 2048 2049 2053 2055 2056 2057 2058 2061 2063 2064 2065 2066 2068 2069 2070 2072 2075 2081 2083 2087 2091 2092 2094 2099 2102 2107 2108 2110 2114 2117 2119 2120 2126 2128 2132 2135 2137 2141 2142 2143 2145 2146 2152 2154 2156 2159 2166 2167 2169 2171 2173 2176 2177 2179 2180 2183 2184 2185 2186 2188 2191 2192 2194 2197 2198 2199 2204 2205 2207 2208 2212 2213 2215 2217 2219 2224 2225 2226 2227 2235 2237 2239 2243 2244 2246 2249 2250 2252 2258 2259 2261 2264 2269 2270 2271 2275 2276 2279 2281 2282 2287 2290 2291 2296 2302 2304 2308 2311 2312 2315 2319 2320 2325 2326 2327 2333 2334 2335 2336 2337 2339 2340 2341 2342 2345 2346 2347 2352 2353 2360 2363 2364 2365 2370 2371 2374 2376 2379 2382 2383 2387 2389 2392 2398 2400 2401 2404 2406 2407 2408 2409 2410 2411 2412 2422 2425 2431 2432 2433 2434 2437 2440 2441 2444 2446 2447 2448 2449 2451 2456 2457 2459 2460 2461 2463 2465 2469 2473 2478 2483 2485 2486 2490 2491 2495 2497 2498 2499 2500 2507 2511 2513 2514 2515 2520 2522 2524 2525 2529 2531 2532 2534 2539 2540 2545 2546 2548 2549 2553 2554 2556 2558 2561 2562 2563 2566 2570 2572 2573 2574 2576 2577 2578 2583 2585 2587 2588 2591 2595 2596 2597 2600 2604 2605 2609 2610 2611 2612 2613 2614 2615 2616 2618 2619 2622 2623 2625 2626 2628 2640 2641 2643 2644 2648 2649 2652 2654 2655 2658 2660 2662 2665 2668 2669 2670 2671 2673 2674 2675 2678 2679 2681 2682 2683 2684 2685 2686 2687 2692 2696 2703 2704 2711 2712 2713 2714 2715 2716 2718 2719 2721 2723 2724 2727 2728 2730 2731 2732 2733 2734 2735 2738 2739 2740 2741 2745 2746 2747 2749 2751 2752 2754 2757 2758 2760 2761 2763 2767 2769 2771 2774 2780 2783 2784 2785 2788 2789 2792 2793 2794 2796 2798 2799 2801 2803 2804 2806 2808 2809 2810 2814 2818 2819 2821 2822 2823 2825 2828 2831 2833 2834 2839 2840 2841 2843 2844 2851 2852 2855 2860 2866 2869 2871 2873 2874 2875 2876 2877 2878 2885 2889 2891 2894 2897 2902 2903 2905 2910 2914 2916 2917 2918 2919 2920 2925 2926 2928 2930 2932 2933 2936 2941 2949 2952 2955 2956 2957 2968 2971 2972 2975 2976 2977 2978 2981 2982 2984 2986 2988 2997 2999 3001 3006 3007 3011 3012 3013 3017 3018 3019 3020 3021 3025 3032 3036 3037 3041 3043 3045 3046 3049 3050 3056 3060 3061 3062 3064 3065 3069 3071 3073 3074 3075 3076 3077 3080 3081 3082 3086 3087 3088 3090 3091 3095 3098 3099 3100 3101 3102 3103 3104 3106 3107 3115 3116 3117 3122 3125 3128 3129 3131 3132 3133 3134 3136 3139 3140 3141 3142 3145 3146 3150 3151 3152 3153 3154 3155 3157 3158 3163 3166 
j 0 74 163 268 372 758 812 825 934 1018 1090 1157 1166 1269 1287 1412 1457 1466 1476 1514 1570 1692 1719 1861 1880 1992 2017 2049 2174 2211 2256 2385 2391 2515 2594 3028 3126 
k 2 4 18 45 103 126 175 207 210 218 245 261 279 284 289 302 312 324 326 339 341 364 377 384 408 411 412 460 472 493 497 515 523 524 537 545 547 557 574 628 635 641 643 667 681 692 722 736 742 772 780 800 803 807 846 871 918 926 964 977 978 981 982 985 997 1001 1025 1111 1123 1132 1137 1151 1152 1179 1188 1202 1212 1232 1245 1280 1281 1284 1317 1333 1353 1357 1388 1394 1400 1448 1450 1467 1493 1499 1518 1543 1574 1614 1648 1664 1717 1718 1721 1729 1731 1744 1751 1765 1785 1799 1815 1819 1835 1839 1840 1865 1875 1893 1911 1915 1916 1926 1940 1961 1977 1982 2009 2010 2048 2054 2065 2070 2075 2095 2097 2102 2118 2170 2172 2174 2180 2188 2193 2201 2202 2222 2245 2247 2250 2251 2263 2273 2295 2300 2348 2370 2391 2394 2411 2421 2473 2487 2492 2496 2506 2509 2518 2533 2543 2560 2564 2573 2590 2600 2605 2613 2641 2671 2684 2714 2751 2758 2777 2847 2855 2882 2884 2905 2923 2939 2951 2958 2977 2978 2995 3025 3030 3071 3080 3087 3120 3129 3154 
l 4 5 9 14 16 20 24 31 38 39 41 42 43 46 51 52 54 65 66 72 78 83 89 97 100 101 103 109 110 112 121 124 127 129 132 134 135 141 142 143 149 151 153 161 162 170 171 177 181 183 185 188 196 200 204 206 211 219 225 229 230 233 234 235 243 247 249 250 252 253 256 259 271 273 281 285 287 288 289 290 295 296 299 300 305 310 318 320 323 326 339 346 349 354 355 357 360 364 366 369 373 376 377 380 381 383 385 387 389 391 394 399 401 403 405 406 407 408 409 411 414 417 421 425 427 428 430 435 436 439 440 441 442 446 448 449 455 456 457 463 465 467 472 474 479 482 496 499 503 508 516 518 519 520 527 534 535 540 541 542 543 546 547 550 552 554 557 559 560 575 582 584 585 588 600 601 605 607 612 619 620 624 629 630 635 637 638 639 640 641 646 649 650 654 657 675 677 686 688 693 706 711 719 724 725 727 729 733 735 737 738 744 745 746 749 750 754 756 761 764 769 774 776 781 782 794 796 802 803 811 827 828 831 836 837 840 846 853 854 866 868 870 873 874 875 876 878 879 881 885 886 892 897 898 900 902 903 904 905 910 912 916 922 923 924 928 930 940 944 946 957 960 963 965 967 968 969 971 972 975 978 980 983 984 985 996 999 1000 1002 1003 1004 1005 1008 1012 1013 1014 1019 1021 1025 1028 1031 1034 1036 1039 1041 1042 1043 1047 1051 1054 1055 1060 1061 1062 1069 1070 1073 1077 1082 1083 1085 1086 1089 1099 1102 1105 1106 1107 1111 1112 1120 1122 1123 1124 1127 1128 1130 1133 1135 1145 1152 1155 1156 1160 1175 1176 1177 1180 1181 1182 1184 1190 1193 1203 1205 1207 1208 1212 1215 1224 1233 1244 1246 1250 1255 1262 1267 1268 1271 1273 1274 1277 1279 1290 1292 1293 1295 1301 1303 1306 1316 1318 1319 1326 1331 1336 1338 1342 1351 1354 1358 1359 1364 1367 1368 1369 1372 1375 1376 1377 1380 1381 1384 1385 1387 1391 1392 1393 1396 1397 1398 1403 1404 1405 1406 1409 1414 1415 1420 1421 1424 1425 1432 1433 1435 1437 1439 1443 1448 1450 1456 1464 1468 1469 1473 1474 1479 1480 1481 1482 1488 1489 1490 1492 1502 1504 1506 1509 1514 1521 1523 1524 1526 1530 1533 1536 1540 1547 1551 1558 1561 1567 1572 1575 1578 1588 1591 1593 1594 1596 1603 1608 1610 1614 1616 1617 1625 1627 1632 1634 1635 1636 1638 1639 1640 1642 1646 1647 1650 1651 1652 1663 1666 1670 1673 1676 1677 1678 1680 1682 1686 1689 1692 1700 1704 1707 1714 1716 1718 1725 1727 1733 1734 1735 1739 1740 1744 1748 1750 1757 1764 1770 1773 1774 1779 1780 1781 1782 1787 1789 1790 1794 1796 1800 1801 1802 1803 1804 1805 1814 1821 1823 1827 1828 1829 1837 1841 1842 1844 1845 1847 1848 1851 1852 1859 1861 1863 1868 1871 1881 1883 1884 1886 1892 1897 1898 1904 1906 1907 1910 1917 1920 1925 1932 1937 1944 1947 1952 1953 1954 1957 1958 1967 1977 1981 1985 1986 2005 2006 2008 2012 2013 2015 2016 2020 2023 2025 2028 2029 2033 2041 2045 2047 2050 2057 2060 2063 2064 2066 2068 2072 2074 2076 2086 2087 2090 2091 2092 2094 2095 2097 2098 2103 2110 2113 2117 2120 2125 2126 2131 2132 2134 2136 2137 2139 2141 2143 2150 2152 2155 2156 2164 2170 2179 2182 2187 2191 2193 2196 2197 2206 2208 2210 2214 2217 2221 2223 2224 2227 2228 2229 2232 2233 2236 2237 2239 2240 2244 2246 2247 2249 2252 2258 2259 2263 2266 2273 2275 2282 2284 2298 2300 2304 2305 2308 2316 2318 2320 2322 2324 2326 2328 2335 2338 2343 2345 2349 2352 2353 2354 2357 2358 2364 2373 2378 2379 2387 2395 2399 2400 2404 2406 2408 2409 2413 2428 2434 2436 2443 2444 2448 2450 2452 2453 2466 2468 2469 2472 2474 2476 2477 2478 2480 2484 2486 2499 2504 2510 2511 2513 2528 2531 2535 2542 2547 2548 2555 2560 2562 2563 2565 2568 2587 2588 2589 2591 2598 2599 2601 2602 2604 2605 2606 2607 2608 2609 2610 2614 2618 2621 2627 2636 2639 2647 2649 2650 2657 2659 2663 2664 2666 2667 2676 2678 2681 2684 2688 2689 2691 2694 2697 2700 2703 2706 2712 2716 2719 2721 2722 2723 2725 2727 2728 2732 2734 2738 2741 2744 2745 2746 2748 2752 2756 2770 2771 2772 2774 2775 2776 2777 2780 2781 2782 2789 2792 2796 2801 2803 2807 2809 2811 2813 2815 2816 2818 2823 2827 2830 2831 2834 2836 2841 2843 2847 2850 2852 2858 2860 2864 2870 2873 2875 2876 2880 2882 2883 2888 2890 2891 2898 2899 2900 2901 2904 2907 2911 2912 2918 2921 2923 2930 2934 2937 2938 2943 2944 2951 2953 2960 2961 2962 2966 2967 2974 2976 2983 2988 2990 2991 2992 2993 2996 3000 3003 3007 3008 3009 3018 3021 3022 3024 3031 3033 3035 3039 3041 3057 3058 3060 3063 3068 3069 3076 3079 3082 3088 3091 3096 3097 3101 3111 3114 3115 3116 3117 3119 3121 3123 3124 3125 3130 3134 3137 3139 3140 3141 3142 3143 3144 3148 3152 3154 3155 3157 3161 3163 3164 3169 3171 
m 5 25 29 33 39 47 48 56 60 75 79 88 90 95 107 117 119 122 125 130 134 136 140 149 154 155 159 164 170 174 184 186 188 190 195 196 201 203 205 213 222 224 231 239 242 247 248 249 252 256 263 275 285 286 298 306 309 315 318 321 329 341 354 367 370 371 380 397 401 404 407 409 410 412 424 425 446 455 475 477 484 485 490 493 494 497 504 508 510 511 524 525 528 529 530 540 547 551 554 558 563 567 574 591 596 602 619 639 646 651 654 655 662 681 692 693 697 699 714 719 728 734 735 738 740 743 756 758 773 776 778 787 802 810 819 820 823 829 831 839 846 855 858 860 862 869 884 886 888 899 901 905 906 910 918 920 928 941 945 947 953 955 960 966 979 981 983 987 991 992 993 1004 1008 1015 1016 1038 1054 1069 1071 1077 1079 1084 1088 1093 1099 1100 1108 1111 1113 1118 1122 1126 1140 1146 1155 1166 1171 1176 1193 1204 1207 1214 1219 1225 1226 1229 1235 1260 1261 1274 1279 1280 1286 1289 1295 1296 1297 1300 1301 1307 1311 1318 1321 1329 1333 1337 1340 1342 1351 1352 1366 1372 1376 1379 1431 1433 1435 1442 1444 1459 1462 1464 1465 1473 1477 1482 1486 1488 1494 1497 1498 1504 1512 1544 1545 1547 1551 1560 1561 1564 1570 1573 1591 1600 1603 1607 1612 1617 1642 1647 1654 1662 1667 1683 1691 1693 1697 1701 1702 1704 1709 1712 1721 1725 1727 1730 1747 1748 1757 1759 1761 1773 1775 1789 1792 1800 1807 1812 1819 1830 1831 1832 1848 1862 1874 1887 1892 1893 1895 1897 1901 1902 1909 1913 1935 1946 1947 1949 1953 1963 1964 1975 1981 1990 1998 2004 2007 2016 2032 2035 2037 2044 2056 2060 2080 2083 2094 2106 2116 2117 2126 2141 2142 2144 2146 2147 2151 2169 2178 2184 2191 2194 2208 2211 2215 2216 2232 2238 2248 2256 2257 2258 2265 2274 2280 2290 2298 2307 2310 2312 2313 2314 2315 2320 2321 2326 2335 2336 2340 2341 2349 2352 2353 2356 2375 2377 2381 2397 2406 2411 2424 2426 2440 2441 2448 2456 2460 2465 2478 2480 2483 2485 2486 2497 2499 2514 2526 2535 2537 2542 2549 2568 2575 2579 2594 2603 2610 2614 2639 2644 2646 2649 2653 2654 2656 2671 2675 2680 2681 2683 2691 2694 2727 2728 2739 2745 2765 2771 2772 2779 2782 2783 2788 2790 2792 2796 2814 2817 2821 2822 2824 2825 2830 2832 2836 2844 2845 2849 2859 2864 2865 2868 2874 2875 2878 2888 2914 2928 2934 2948 2952 2956 2962 2968 2979 2991 2995 2997 3004 3029 3037 3041 3062 3063 3065 3069 3072 3073 3090 3094 3108 3116 3126 3136 3142 3145 
n 1 3 8 15 19 20 21 23 26 28 29 32 33 36 37 38 41 42 43 47 51 60 63 65 66 69 72 73 75 76 78 86 92 95 99 101 104 106 109 113 117 119 122 125 126 128 130 131 135 136 138 139 140 144 146 148 151 152 154 156 157 158 160 162 164 165 166 170 173 174 177 178 179 180 183 189 191 192 194 196 197 199 203 205 206 211 212 213 214 217 218 224 226 228 230 232 237 238 239 243 245 247 248 251 253 254 261 262 263 264 265 267 268 269 270 278 280 284 285 287 296 297 302 304 309 313 317 319 324 326 332 334 335 337 338 342 343 344 347 350 351 356 359 361 368 370 372 373 375 379 398 401 403 404 405 407 409 413 416 422 426 428 430 433 438 440 442 444 445 450 452 453 454 456 457 458 460 461 462 463 464 468 469 474 477 485 494 499 504 505 509 511 514 521 525 526 528 529 531 534 535 539 543 545 548 550 551 558 561 562 563 564 565 567 569 572 574 578 581 587 588 589 590 593 596 603 605 615 617 623 624 627 628 631 636 638 643 645 646 648 655 657 659 663 666 667 671 673 675 677 678 682 683 688 690 691 693 694 695 699 705 709 711 712 716 718 721 722 723 728 730 731 737 740 742 744 745 746 747 749 750 752 753 755 756 757 759 764 765 767 770 772 774 775 778 779 782 783 784 788 789 790 791 794 795 796 799 800 801 804 805 807 809 810 813 815 819 820 824 827 830 836 837 838 839 846 849 853 859 861 863 871 877 883 886 888 890 892 894 895 896 899 902 906 908 909 910 912 914 916 917 918 919 927 929 931 932 934 936 937 938 942 944 945 947 949 950 951 952 958 959 962 967 968 969 972 974 976 977 978 983 986 987 989 990 993 1006 1010 1013 1014 1016 1020 1026 1027 1030 1036 1039 1040 1042 1044 1045 1046 1050 1052 1055 1056 1058 1059 1060 1063 1064 1066 1067 1071 1072 1075 1076 1078 1079 1080 1081 1082 1083 1084 1085 1087 1088 1089 1094 1096 1097 1098 1099 1101 1107 1108 1112 1123 1125 1127 1133 1137 1138 1140 1142 1143 1144 1145 1146 1147 1151 1153 1157 1158 1161 1167 1171 1176 1177 1178 1179 1184 1186 1188 1191 1193 1194 1196 1197 1199 1200 1201 1202 1207 1208 1210 1219 1220 1221 1222 1224 1225 1228 1231 1234 1235 1238 1242 1243 1245 1247 1252 1255 1259 1263 1265 1266 1267 1268 1269 1270 1273 1278 1285 1286 1287 1289 1290 1296 1297 1302 1303 1308 1312 1314 1320 1321 1322 1324 1325 1327 1329 1333 1335 1337 1338 1339 1344 1345 1347 1351 1352 1353 1357 1358 1359 1361 1362 1363 1381 1383 1389 1391 1395 1397 1407 1411 1412 1414 1427 1430 1435 1436 1437 1438 1439 1440 1442 1443 1446 1448 1453 1454 1457 1458 1459 1461 1464 1466 1470 1472 1474 1475 1479 1480 1483 1487 1495 1497 1498 1499 1500 1503 1505 1506 1507 1508 1512 1519 1520 1523 1524 1530 1532 1534 1537 1538 1542 1545 1546 1550 1552 1557 1560 1562 1564 1566 1568 1569 1571 1574 1576 1577 1581 1582 1584 1586 1587 1589 1591 1596 1600 1601 1602 1604 1606 1607 1614 1617 1621 1622 1626 1628 1633 1639 1640 1642 1643 1645 1648 1649 1654 1655 1657 1658 1660 1663 1666 1667 1668 1674 1680 1681 1686 1689 1690 1696 1698 1701 1703 1706 1707 1709 1710 1712 1713 1715 1716 1718 1720 1722 1723 1724 1728 1729 1730 1732 1736 1744 1745 1747 1748 1750 1751 1752 1753 1754 1755 1757 1759 1764 1766 1774 1775 1782 1783 1784 1786 1787 1789 1791 1792 1793 1794 1795 1798 1802 1803 1804 1808 1811 1820 1822 1824 1825 1826 1829 1830 1831 1832 1833 1836 1837 1840 1841 1842 1843 1844 1848 1853 1862 1866 1870 1874 1875 1879 1881 1883 1884 1885 1886 1888 1889 1895 1896 1900 1902 1903 1909 1914 1915 1929 1936 1938 1939 1943 1945 1946 1947 1949 1950 1952 1953 1954 1955 1956 1957 1962 1963 1970 1976 1981 1994 1997 1998 1999 2003 2004 2007 2013 2014 2015 2017 2021 2032 2034 2035 2037 2038 2039 2040 2042 2044 2045 2046 2047 2048 2049 2056 2057 2061 2063 2065 2068 2069 2070 2071 2072 2074 2075 2081 2084 2085 2088 2094 2097 2098 2099 2110 2114 2128 2132 2135 2136 2137 2139 2140 2145 2151 2160 2163 2164 2165 2166 2169 2170 2171 2172 2173 2175 2176 2177 2178 2179 2184 2185 2188 2189 2190 2191 2192 2193 2197 2198 2201 2203 2204 2207 2208 2212 2213 2214 2217 2218 2219 2220 2223 2224 2225 2228 2229 2236 2237 2242 2243 2247 2251 2252 2253 2254 2256 2259 2260 2261 2265 2268 2275 2279 2281 2286 2291 2293 2294 2295 2296 2297 2298 2302 2304 2305 2306 2307 2308 2310 2311 2312 2318 2319 2320 2323 2324 2326 2327 2328 2330 2331 2332 2333 2335 2336 2337 2338 2339 2341 2342 2345 2346 2347 2348 2350 2351 2352 2355 2359 2360 2362 2364 2365 2366 2367 2368 2370 2373 2374 2376 2379 2381 2382 2383 2385 2389 2392 2395 2398 2400 2401 2402 2407 2410 2411 2418 2419 2422 2429 2430 2431 2432 2433 2435 2436 2437 2438 2440 2441 2442 2443 2444 2446 2451 2457 2458 2461 2463 2464 2465 2466 2467 2472 2473 2475 2479 2480 2483 2484 2485 2486 2488 2489 2492 2495 2496 2497 2499 2500 2501 2504 2505 2506 2507 2513 2514 2517 2522 2523 2524 2525 2527 2529 2533 2534 2537 2538 2539 2540 2541 2543 2545 2548 2549 2550 2553 2554 2555 2556 2561 2562 2566 2568 2570 2572 2573 2574 2575 2576 2577 2578 2587 2596 2603 2605 2606 2607 2610 2614 2619 2620 2623 2625 2626 2627 2628 2637 2638 2644 2648 2652 2653 2655 2658 2660 2661 2662 2663 2665 2667 2669 2670 2672 2673 2674 2675 2677 2678 2682 2683 2684 2685 2686 2687 2690 2691 2692 2696 2702 2703 2704 2711 2712 2713 2714 2715 2716 2718 2719 2720 2721 2723 2724 2729 2730 2732 2733 2735 2740 2742 2743 2744 2746 2749 2750 2754 2755 2757 2758 2765 2766 2767 2768 2769 2771 2774 2777 2778 2781 2783 2784 2785 2788 2789 2794 2797 2798 2801 2806 2807 2808 2812 2813 2816 2818 2821 2822 2825 2826 2829 2832 2833 2839 2840 2841 2843 2844 2850 2852 2854 2855 2861 2863 2865 2868 2871 2874 2875 2876 2877 2878 2880 2881 2882 2883 2885 2887 2889 2891 2893 2894 2897 2900 2901 2902 2906 2909 2915 2916 2921 2926 2927 2932 2933 2934 2936 2937 2938 2941 2946 2948 2949 2950 2952 2955 2959 2964 2968 2971 2972 2975 2976 2977 2978 2981 2982 2984 2990 2992 2995 2998 2999 3003 3004 3008 3009 3011 3012 3014 3017 3018 3019 3020 3021 3027 3029 3034 3035 3037 3038 3045 3046 3049 3050 3051 3052 3057 3059 3062 3063 3064 3065 3066 3069 3073 3081 3082 3084 3086 3087 3089 3090 3092 3094 3096 3097 3098 3099 3100 3101 3103 3106 3108 3113 3114 3121 3122 3129 3130 3131 3132 3135 3136 3139 3143 3144 3145 3146 3150 3152 3153 3155 3159 3166 3170 
o 0 2 4 5 8 9 13 16 19 20 25 29 33 36 37 38 39 43 45 48 51 53 60 63 69 72 74 76 79 88 92 109 110 113 115 117 119 122 125 127 130 131 132 138 139 141 144 145 146 150 155 156 158 160 165 167 168 169 176 179 182 183 184 188 190 198 199 200 201 202 203 204 206 210 212 213 214 223 226 227 228 232 233 234 235 237 238 239 240 241 245 246 247 248 249 253 263 268 276 277 278 284 285 286 289 295 298 306 310 311 312 316 318 325 334 335 336 337 338 339 342 343 345 348 362 369 373 375 379 382 386 389 394 395 398 402 405 410 416 420 422 426 431 433 435 444 445 450 451 452 455 456 462 464 466 467 472 474 477 479 480 481 485 489 491 498 502 507 509 511 512 513 514 519 521 525 529 530 531 532 535 537 539 540 542 543 551 553 556 559 561 565 568 575 576 578 579 580 587 589 591 596 598 600 601 602 607 612 613 631 633 635 636 637 640 644 645 647 652 654 655 657 661 664 667 675 678 680 686 688 690 691 693 695 699 700 706 712 713 714 718 719 722 723 730 732 733 734 739 740 745 750 754 755 759 764 765 767 768 770 774 777 778 786 787 789 791 793 794 800 803 805 806 807 809 814 819 820 824 827 830 832 834 838 839 841 845 847 848 850 851 853 856 857 858 859 862 864 878 881 882 885 886 893 894 899 900 903 905 906 909 911 913 917 918 920 923 926 928 929 930 934 935 936 940 941 942 945 946 947 949 952 956 958 959 962 966 971 975 976 978 979 989 991 997 1001 1002 1008 1009 1014 1016 1017 1018 1022 1023 1025 1027 1028 1029 1033 1034 1036 1043 1046 1049 1050 1051 1052 1053 1054 1059 1064 1068 1071 1074 1075 1080 1087 1088 1089 1090 1097 1104 1108 1110 1113 1115 1120 1132 1136 1140 1143 1146 1147 1154 1156 1157 1158 1160 1177 1179 1183 1189 1190 1191 1194 1196 1207 1211 1214 1221 1234 1240 1243 1253 1258 1259 1264 1269 1270 1274 1277 1278 1280 1281 1285 1287 1288 1292 1297 1299 1303 1304 1307 1308 1313 1321 1322 1325 1326 1327 1330 1333 1334 1340 1341 1344 1351 1352 1353 1364 1367 1374 1381 1384 1385 1388 1391 1393 1401 1402 1403 1407 1410 1414 1416 1419 1421 1424 1428 1433 1434 1435 1436 1438 1441 1442 1446 1459 1460 1461 1462 1463 1466 1468 1475 1476 1478 1482 1485 1486 1491 1494 1495 1498 1503 1506 1507 1508 1515 1516 1520 1530 1536 1537 1541 1548 1552 1555 1556 1558 1559 1566 1567 1569 1573 1574 1576 1577 1583 1584 1588 1603 1604 1607 1609 1612 1619 1621 1625 1628 1631 1636 1637 1639 1640 1656 1666 1668 1669 1670 1673 1674 1677 1678 1680 1683 1684 1691 1693 1696 1698 1702 1709 1711 1712 1713 1715 1718 1724 1726 1727 1730 1732 1736 1738 1740 1746 1748 1752 1753 1755 1757 1760 1761 1765 1766 1768 1775 1778 1780 1781 1783 1784 1785 1786 1788 1790 1792 1794 1795 1796 1799 1801 1807 1809 1812 1814 1817 1818 1820 1824 1826 1830 1831 1832 1833 1840 1841 1848 1849 1854 1855 1857 1858 1862 1868 1870 1874 1875 1876 1880 1884 1892 1895 1897 1899 1902 1906 1907 1911 1914 1915 1919 1921 1923 1925 1928 1932 1934 1937 1938 1939 1945 1947 1949 1950 1953 1954 1955 1956 1963 1965 1967 1970 1971 1977 1978 1979 1981 1999 2002 2006 2010 2015 2029 2034 2035 2036 2038 2040 2042 2046 2049 2052 2056 2058 2059 2060 2061 2067 2068 2072 2074 2075 2078 2081 2084 2086 2090 2094 2095 2098 2099 2103 2104 2106 2109 2112 2115 2120 2121 2126 2127 2128 2130 2133 2135 2136 2139 2140 2142 2143 2144 2145 2147 2151 2163 2164 2165 2170 2174 2175 2176 2177 2178 2191 2192 2194 2195 2203 2207 2213 2216 2219 2220 2222 2226 2228 2237 2238 2241 2242 2249 2251 2255 2259 2260 2266 2268 2272 2273 2274 2275 2277 2278 2283 2288 2290 2291 2292 2299 2300 2304 2307 2310 2313 2314 2323 2327 2333 2334 2335 2336 2338 2339 2341 2342 2346 2349 2352 2353 2357 2360 2361 2368 2369 2370 2371 2373 2374 2379 2380 2381 2383 2385 2387 2389 2393 2395 2399 2400 2403 2405 2406 2407 2408 2409 2413 2416 2417 2427 2430 2435 2436 2437 2440 2446 2447 2450 2451 2452 2454 2458 2459 2461 2464 2467 2471 2475 2476 2479 2480 2488 2489 2492 2498 2502 2503 2504 2507 2511 2513 2522 2524 2529 2530 2537 2542 2545 2546 2547 2549 2553 2565 2568 2571 2575 2583 2590 2593 2598 2604 2607 2610 2617 2619 2629 2630 2634 2635 2642 2643 2646 2648 2649 2651 2654 2659 2661 2666 2672 2674 2676 2677 2679 2680 2683 2691 2694 2697 2698 2701 2707 2708 2711 2714 2715 2717 2718 2719 2720 2721 2723 2724 2726 2729 2732 2733 2736 2740 2746 2749 2750 2767 2769 2770 2771 2775 2777 2778 2781 2782 2783 2784 2788 2799 2800 2804 2806 2807 2809 2811 2812 2817 2818 2820 2821 2823 2824 2829 2830 2834 2835 2836 2837 2842 2843 2844 2845 2846 2847 2849 2853 2858 2859 2863 2865 2868 2869 2873 2876 2877 2878 2884 2899 2901 2907 2915 2917 2924 2927 2928 2932 2937 2940 2945 2949 2950 2954 2957 2960 2964 2965 2969 2970 2971 2973 2980 2990 2994 2997 3004 3007 3008 3014 3019 3029 3031 3033 3034 3035 3037 3038 3040 3048 3053 3054 3055 3059 3060 3066 3068 3069 3072 3078 3081 3082 3091 3092 3094 3099 3101 3108 3111 3115 3121 3124 3133 3136 3137 3143 3145 3146 3147 3150 3159 3160 3171 
p 0 13 29 32 34 41 48 50 59 93 97 103 115 121 122 133 137 142 144 146 164 176 188 189 219 223 227 233 235 241 249 260 263 269 272 274 285 291 293 297 305 318 333 337 343 380 387 392 404 420 422 426 427 430 431 434 440 446 447 452 455 458 460 462 464 466 476 481 485 496 506 508 511 512 515 516 518 529 533 545 557 558 560 571 577 584 586 594 602 604 608 610 611 614 634 652 654 655 657 659 665 670 676 684 698 709 712 714 718 719 730 734 736 737 738 747 748 751 755 756 763 767 773 784 790 792 793 805 806 808 814 820 829 831 832 834 839 843 845 847 848 850 852 856 862 863 867 869 880 881 882 892 904 905 911 913 917 919 925 931 961 963 971 976 981 984 996 997 1004 1005 1008 1009 1015 1029 1037 1046 1051 1053 1054 1060 1077 1083 1084 1091 1096 1122 1127 1129 1130 1132 1155 1162 1166 1173 1175 1177 1183 1194 1195 1200 1222 1224 1227 1230 1232 1243 1268 1276 1279 1283 1288 1291 1293 1294 1300 1302 1308 1316 1318 1322 1323 1325 1330 1342 1344 1347 1354 1362 1364 1370 1402 1413 1416 1421 1426 1437 1438 1442 1443 1446 1458 1463 1474 1478 1481 1482 1487 1488 1490 1491 1492 1496 1503 1504 1516 1520 1524 1526 1528 1532 1533 1536 1541 1545 1557 1559 1560 1561 1572 1596 1597 1601 1603 1604 1609 1613 1615 1617 1620 1624 1630 1631 1634 1646 1664 1673 1676 1681 1682 1689 1690 1702 1706 1713 1716 1726 1727 1733 1740 1741 1742 1745 1755 1757 1761 1763 1772 1784 1796 1797 1798 1801 1807 1808 1813 1829 1833 1835 1837 1840 1842 1847 1852 1857 1864 1871 1874 1875 1886 1892 1894 1896 1897 1899 1900 1902 1907 1908 1913 1916 1917 1937 1939 1940 1944 1952 1957 1963 1975 1988 1997 2013 2021 2024 2035 2036 2038 2042 2043 2060 2067 2068 2071 2076 2077 2081 2085 2088 2090 2094 2097 2109 2119 2127 2144 2146 2150 2153 2157 2161 2163 2164 2172 2173 2176 2179 2180 2181 2182 2186 2191 2192 2195 2197 2199 2206 2208 2210 2212 2216 2219 2222 2232 2238 2245 2248 2264 2266 2267 2269 2278 2281 2283 2292 2299 2303 2313 2314 2317 2332 2334 2335 2336 2341 2350 2352 2353 2361 2363 2366 2367 2371 2372 2374 2378 2379 2384 2387 2388 2390 2393 2399 2435 2469 2478 2481 2492 2494 2504 2506 2509 2516 2518 2520 2522 2523 2524 2532 2534 2538 2539 2545 2549 2557 2564 2571 2574 2578 2581 2584 2589 2594 2604 2608 2610 2619 2628 2631 2637 2639 2640 2649 2660 2668 2690 2691 2709 2712 2723 2726 2733 2736 2738 2743 2748 2751 2752 2759 2767 2768 2771 2781 2788 2791 2792 2797 2799 2807 2813 2817 2824 2827 2834 2840 2842 2851 2857 2864 2869 2874 2879 2885 2896 2909 2911 2912 2925 2926 2932 2941 2942 2945 2949 2959 2966 2967 2969 2975 2988 2997 3002 3005 3011 3034 3037 3043 3044 3047 3050 3061 3064 3069 3081 3098 3100 3101 3106 3113 3117 3123 3132 3136 3140 3142 3144 3151 3159 3166 3168 3170 
q 183 471 487 731 799 936 951 964 1012 1062 1112 1306 1328 1387 1392 1517 1571 1577 1598 1723 1771 1838 2005 2007 2087 2177 2261 2287 2347 2369 2400 2613 2665 2710 2804 2876 2936 3078 
r 0 1 3 4 6 7 11 13 16 17 19 21 22 25 28 29 30 32 33 35 36 40 43 46 48 50 51 53 54 56 60 67 71 81 90 92 99 101 106 110 112 113 115 118 122 128 129 131 133 134 137 138 139 141 145 148 149 150 152 157 158 160 164 165 166 167 168 171 172 174 175 176 178 179 180 184 186 187 191 192 193 195 198 201 205 207 208 209 211 214 215 216 217 220 222 226 227 228 230 231 241 242 243 244 246 247 251 256 257 258 260 262 267 268 270 272 275 276 279 281 283 286 287 291 292 298 300 309 311 312 313 314 315 318 319 321 325 329 330 331 333 335 337 341 344 346 348 351 355 356 357 358 359 361 363 365 366 371 373 378 379 383 384 385 386 387 391 392 395 396 400 410 412 413 414 415 416 419 422 424 426 431 432 433 434 435 443 444 451 454 455 456 457 458 462 469 470 471 473 475 478 479 481 483 484 485 486 487 488 489 491 492 498 502 503 505 506 507 508 509 512 514 516 518 522 524 525 528 530 531 532 533 536 539 544 546 547 551 553 557 558 560 561 563 564 565 566 567 568 570 571 572 575 577 579 581 583 586 591 595 598 602 603 609 613 615 620 621 622 623 628 631 632 636 637 640 642 644 651 653 655 656 659 660 661 662 664 665 668 669 670 672 675 679 681 683 684 687 690 692 694 695 696 697 698 700 702 703 704 707 708 709 712 713 714 716 718 726 727 728 730 732 733 734 740 741 743 747 748 753 755 764 766 767 768 769 770 771 775 777 779 786 792 793 798 801 802 808 809 813 814 816 817 819 820 824 825 827 829 831 832 833 834 839 840 841 842 843 844 845 847 848 851 852 856 859 862 863 864 865 870 871 872 874 876 880 881 882 883 884 889 891 892 895 896 900 901 903 905 909 911 913 915 917 924 925 929 931 940 941 942 945 946 947 951 952 953 954 955 956 960 961 963 968 969 974 977 979 982 984 986 991 992 996 998 1000 1014 1016 1017 1020 1022 1023 1026 1028 1029 1030 1032 1040 1043 1044 1052 1053 1056 1064 1065 1066 1067 1074 1075 1076 1081 1086 1089 1091 1093 1094 1098 1100 1103 1104 1110 1111 1114 1117 1119 1120 1126 1127 1128 1133 1134 1136 1138 1139 1141 1143 1149 1158 1159 1161 1162 1163 1165 1170 1172 1174 1175 1176 1180 1182 1183 1186 1187 1192 1194 1195 1198 1200 1206 1207 1209 1211 1214 1216 1217 1218 1223 1227 1229 1230 1231 1232 1234 1235 1237 1238 1241 1243 1245 1248 1250 1252 1253 1254 1255 1258 1263 1264 1266 1267 1272 1273 1274 1275 1277 1278 1279 1281 1286 1287 1289 1291 1292 1294 1297 1299 1302 1304 1305 1308 1309 1310 1313 1323 1325 1327 1330 1332 1334 1335 1337 1338 1339 1341 1346 1347 1348 1355 1356 1357 1359 1360 1361 1362 1363 1365 1366 1367 1369 1371 1372 1373 1374 1375 1378 1379 1380 1383 1385 1386 1387 1388 1389 1391 1394 1395 1397 1401 1402 1404 1407 1410 1412 1413 1416 1417 1423 1426 1428 1430 1431 1432 1433 1436 1437 1438 1440 1445 1446 1447 1451 1452 1453 1454 1455 1456 1457 1458 1461 1463 1467 1469 1470 1471 1472 1473 1476 1477 1478 1481 1485 1493 1497 1501 1503 1506 1508 1510 1512 1513 1516 1519 1520 1522 1525 1526 1530 1531 1532 1533 1535 1536 1538 1539 1542 1544 1546 1550 1552 1557 1558 1563 1565 1569 1572 1574 1575 1576 1578 1581 1582 1583 1585 1586 1587 1588 1589 1590 1592 1593 1595 1597 1601 1602 1605 1606 1608 1611 1612 1613 1615 1616 1617 1619 1620 1623 1626 1627 1628 1629 1630 1632 1637 1644 1645 1647 1649 1653 1655 1657 1658 1662 1663 1665 1666 1668 1670 1671 1672 1674 1675 1676 1678 1679 1681 1682 1686 1687 1689 1690 1694 1695 1697 1698 1699 1700 1702 1705 1706 1707 1710 1711 1713 1714 1717 1720 1721 1722 1725 1730 1734 1738 1740 1742 1743 1744 1745 1746 1747 1749 1752 1756 1758 1759 1762 1763 1765 1767 1769 1770 1771 1772 1775 1776 1778 1780 1781 1790 1792 1794 1795 1798 1799 1805 1806 1808 1809 1819 1820 1821 1828 1833 1834 1835 1845 1847 1854 1858 1860 1863 1864 1865 1867 1870 1871 1875 1876 1878 1883 1887 1889 1893 1894 1896 1897 1899 1901 1902 1904 1905 1908 1911 1913 1914 1919 1921 1925 1927 1928 1930 1932 1933 1940 1941 1942 1944 1946 1947 1949 1950 1951 1954 1955 1958 1959 1960 1965 1966 1970 1975 1976 1978 1979 1980 1982 1983 1984 1985 1988 1990 1991 1994 1995 2000 2001 2002 2006 2007 2008 2009 2014 2015 2016 2022 2023 2024 2025 2029 2034 2036 2037 2038 2040 2041 2042 2043 2046 2051 2052 2054 2055 2056 2058 2059 2069 2074 2077 2079 2082 2084 2092 2096 2099 2100 2101 2102 2105 2106 2107 2114 2115 2116 2121 2123 2124 2125 2127 2128 2129 2130 2131 2133 2137 2138 2139 2142 2143 2144 2146 2149 2151 2152 2155 2158 2161 2162 2164 2165 2166 2167 2172 2175 2185 2193 2194 2195 2196 2204 2205 2209 2213 2216 2218 2219 2220 2221 2226 2227 2228 2231 2233 2238 2241 2244 2245 2249 2254 2255 2257 2261 2266 2267 2268 2269 2270 2271 2272 2274 2277 2279 2280 2281 2282 2290 2293 2294 2296 2297 2298 2307 2310 2313 2314 2315 2317 2319 2321 2324 2326 2328 2329 2332 2333 2336 2338 2339 2341 2345 2349 2350 2354 2355 2356 2357 2360 2361 2369 2371 2372 2373 2375 2380 2382 2383 2384 2387 2388 2393 2394 2396 2397 2401 2409 2414 2415 2416 2417 2418 2419 2420 2424 2426 2427 2428 2429 2431 2433 2435 2436 2437 2438 2439 2444 2446 2447 2449 2452 2454 2458 2459 2461 2465 2466 2470 2472 2473 2477 2478 2481 2482 2487 2492 2497 2498 2499 2500 2501 2502 2503 2505 2510 2512 2517 2519 2520 2521 2522 2523 2526 2530 2533 2534 2536 2539 2544 2545 2546 2549 2551 2552 2554 2557 2558 2559 2563 2564 2566 2569 2570 2571 2572 2574 2575 2576 2577 2579 2584 2586 2595 2596 2600 2602 2613 2616 2619 2621 2622 2624 2625 2627 2631 2634 2635 2638 2640 2643 2650 2651 2655 2656 2657 2658 2659 2660 2665 2668 2670 2671 2672 2674 2675 2677 2679 2680 2683 2685 2693 2696 2697 2700 2701 2705 2707 2708 2710 2714 2715 2717 2720 2723 2726 2727 2731 2733 2734 2736 2737 2739 2744 2747 2752 2756 2757 2758 2760 2761 2762 2763 2764 2765 2767 2770 2774 2776 2781 2784 2786 2787 2788 2790 2792 2793 2794 2795 2796 2797 2801 2802 2806 2814 2819 2820 2822 2826 2827 2828 2832 2837 2838 2839 2840 2841 2842 2845 2847 2848 2849 2856 2857 2858 2859 2862 2863 2864 2867 2868 2869 2870 2875 2877 2879 2888 2889 2890 2893 2895 2897 2900 2901 2902 2903 2908 2909 2911 2913 2914 2917 2918 2919 2920 2923 2924 2925 2926 2933 2940 2941 2944 2945 2946 2947 2950 2952 2954 2957 2958 2959 2961 2963 2964 2965 2969 2970 2972 2973 2978 2981 2985 2986 2987 2991 2993 2995 2996 2997 2998 3002 3005 3006 3008 3010 3013 3014 3017 3023 3025 3029 3030 3032 3035 3037 3038 3040 3041 3042 3043 3044 3048 3052 3054 3059 3063 3064 3066 3071 3073 3074 3075 3080 3081 3083 3085 3088 3089 3090 3092 3093 3094 3095 3097 3100 3101 3102 3105 3106 3109 3110 3115 3118 3120 3121 3122 3123 3125 3127 3132 3133 3135 3137 3143 3145 3147 3150 3151 3153 3155 3158 3159 3161 3162 3167 3168 3170 
s 3 4 5 6 11 14 17 21 29 34 35 36 44 45 47 48 51 54 66 68 70 71 74 76 78 85 88 90 93 96 103 106 116 120 121 122 123 130 133 138 139 143 144 145 146 148 150 154 155 156 158 160 163 166 171 173 174 177 178 179 182 183 189 192 193 194 195 196 197 198 202 204 206 208 210 214 221 224 225 227 228 229 231 233 238 239 240 243 245 246 248 249 254 257 258 260 274 277 280 281 282 283 286 291 293 295 299 302 303 304 305 311 313 315 317 322 331 333 334 336 337 338 340 342 343 344 348 351 354 355 356 361 365 367 369 379 380 382 384 386 388 389 390 391 392 393 394 396 403 404 406 408 409 414 419 420 426 429 431 433 434 435 436 437 438 445 447 451 453 454 455 458 459 466 469 470 473 474 476 478 480 482 483 484 487 490 491 493 494 497 498 499 500 501 502 508 511 512 517 523 526 527 530 532 541 545 546 548 550 551 552 553 554 557 560 561 562 564 565 566 567 568 570 571 574 575 576 577 578 579 580 582 585 592 593 595 599 600 601 602 603 606 607 608 609 610 611 617 619 620 621 623 626 627 628 629 630 631 632 637 641 642 645 647 650 652 655 658 667 669 672 674 675 676 678 679 685 688 689 694 695 696 700 702 704 706 707 708 709 713 714 715 716 717 718 719 720 723 728 733 734 735 736 738 739 740 742 744 745 748 752 754 758 759 760 762 766 767 775 777 778 781 782 783 784 787 788 793 794 795 797 798 801 808 812 813 815 818 821 822 825 828 835 839 840 841 842 843 844 847 853 854 859 861 862 868 869 870 871 876 877 878 882 887 890 891 892 893 896 897 900 902 907 913 917 919 920 924 928 931 933 934 936 938 946 948 952 954 955 958 959 960 961 962 963 965 966 967 970 971 973 975 982 984 986 988 990 993 995 996 997 998 999 1005 1007 1009 1011 1012 1013 1015 1016 1017 1023 1026 1027 1029 1030 1034 1038 1040 1043 1047 1048 1053 1055 1057 1058 1061 1063 1064 1065 1066 1068 1071 1072 1073 1078 1082 1087 1088 1092 1093 1094 1095 1099 1100 1105 1106 1108 1113 1115 1117 1122 1126 1127 1129 1133 1136 1137 1150 1151 1152 1154 1155 1158 1160 1164 1169 1170 1171 1175 1177 1178 1181 1184 1194 1195 1197 1198 1200 1201 1206 1208 1209 1210 1211 1213 1215 1216 1217 1221 1223 1224 1228 1229 1230 1233 1234 1235 1239 1241 1248 1249 1251 1256 1258 1265 1268 1271 1272 1276 1279 1280 1284 1290 1294 1297 1299 1300 1301 1304 1307 1308 1310 1311 1314 1316 1317 1318 1324 1325 1331 1332 1333 1334 1337 1339 1340 1342 1345 1346 1347 1348 1349 1350 1352 1353 1355 1360 1361 1362 1367 1370 1371 1374 1377 1379 1382 1386 1389 1390 1391 1394 1396 1397 1398 1399 1400 1406 1409 1413 1415 1419 1421 1422 1425 1426 1432 1434 1435 1438 1439 1444 1446 1448 1450 1453 1456 1460 1461 1463 1465 1467 1468 1470 1471 1472 1474 1475 1479 1484 1486 1491 1492 1496 1499 1500 1501 1502 1504 1507 1508 1509 1510 1513 1516 1517 1518 1519 1520 1522 1523 1527 1528 1529 1531 1534 1537 1541 1542 1544 1547 1550 1555 1557 1558 1559 1561 1562 1563 1567 1568 1569 1570 1572 1576 1577 1578 1583 1585 1588 1590 1591 1592 1595 1597 1598 1604 1607 1609 1611 1613 1618 1619 1620 1621 1622 1623 1629 1630 1631 1634 1637 1638 1639 1641 1642 1646 1648 1653 1655 1663 1664 1665 1668 1669 1674 1677 1680 1683 1688 1689 1690 1691 1693 1694 1696 1700 1701 1703 1704 1705 1706 1707 1708 1709 1713 1717 1718 1722 1725 1726 1727 1728 1729 1731 1732 1733 1735 1745 1747 1749 1753 1755 1758 1759 1760 1761 1763 1768 1769 1771 1783 1785 1787 1788 1791 1792 1794 1796 1797 1800 1802 1805 1807 1808 1811 1812 1815 1816 1819 1822 1823 1825 1834 1835 1838 1840 1842 1844 1845 1854 1855 1857 1864 1866 1867 1868 1870 1875 1879 1882 1886 1887 1888 1890 1891 1897 1898 1900 1908 1913 1916 1918 1922 1924 1926 1927 1929 1930 1931 1938 1939 1941 1944 1949 1950 1951 1952 1953 1954 1961 1966 1968 1969 1971 1972 1973 1974 1976 1978 1980 1983 1984 1988 1990 1991 1995 1998 2000 2002 2005 2012 2017 2018 2023 2027 2028 2029 2031 2035 2038 2043 2051 2053 2056 2061 2065 2071 2076 2077 2080 2084 2089 2090 2096 2099 2100 2102 2103 2104 2111 2112 2113 2114 2120 2123 2128 2129 2132 2133 2135 2137 2142 2143 2146 2150 2153 2155 2156 2159 2164 2173 2176 2177 2182 2185 2186 2188 2190 2194 2195 2196 2201 2203 2204 2206 2209 2210 2211 2212 2213 2215 2219 2221 2224 2226 2228 2231 2232 2234 2238 2240 2243 2246 2249 2250 2252 2253 2254 2257 2259 2260 2264 2265 2267 2268 2270 2278 2280 2281 2282 2283 2284 2286 2290 2291 2292 2294 2297 2298 2302 2306 2308 2310 2311 2312 2314 2316 2319 2320 2322 2324 2329 2330 2331 2332 2337 2341 2342 2343 2344 2348 2349 2353 2359 2360 2361 2362 2363 2364 2368 2369 2370 2381 2383 2385 2386 2387 2395 2398 2399 2400 2401 2402 2405 2410 2411 2413 2415 2418 2421 2426 2428 2433 2438 2442 2443 2445 2451 2452 2453 2455 2456 2460 2464 2470 2471 2473 2474 2475 2477 2479 2480 2484 2487 2488 2489 2490 2491 2494 2496 2498 2499 2500 2501 2502 2504 2507 2510 2512 2514 2515 2517 2519 2522 2523 2524 2525 2527 2528 2529 2531 2533 2535 2536 2537 2539 2540 2541 2545 2546 2547 2548 2553 2556 2561 2564 2567 2574 2579 2583 2585 2586 2590 2591 2592 2593 2600 2601 2603 2604 2607 2609 2616 2619 2620 2622 2623 2624 2625 2626 2627 2628 2630 2635 2636 2637 2641 2642 2643 2645 2647 2648 2649 2652 2655 2661 2662 2665 2666 2668 2670 2671 2673 2676 2678 2679 2685 2688 2690 2691 2692 2695 2699 2702 2708 2711 2712 2713 2715 2719 2720 2721 2722 2726 2727 2728 2729 2730 2731 2732 2734 2737 2738 2739 2742 2745 2747 2749 2753 2755 2759 2760 2761 2762 2763 2766 2767 2768 2778 2779 2781 2784 2785 2786 2789 2792 2796 2797 2799 2804 2805 2806 2808 2809 2812 2814 2815 2817 2818 2822 2823 2824 2831 2837 2838 2841 2844 2849 2851 2853 2857 2861 2862 2869 2871 2876 2879 2884 2894 2895 2896 2897 2898 2899 2900 2901 2903 2905 2906 2907 2912 2917 2920 2923 2929 2932 2936 2937 2938 2941 2942 2943 2945 2946 2947 2948 2949 2953 2956 2957 2958 2959 2962 2964 2969 2970 2973 2974 2976 2980 2981 2984 2986 2987 2988 2992 2993 2994 2997 3000 3002 3004 3005 3008 3010 3011 3017 3018 3020 3021 3024 3025 3026 3027 3029 3031 3032 3033 3037 3039 3040 3042 3043 3044 3046 3048 3062 3065 3068 3070 3071 3072 3074 3075 3076 3077 3078 3080 3081 3082 3083 3086 3087 3088 3089 3091 3092 3093 3100 3101 3104 3105 3106 3107 3109 3111 3112 3117 3119 3121 3122 3125 3126 3127 3128 3129 3131 3133 3134 3135 3138 3142 3144 3145 3146 3148 3149 3150 3155 3158 3159 3161 3162 3163 3165 3166 3169 3170 3171 
t 0 1 3 7 13 19 21 27 28 32 33 35 36 37 43 44 48 51 52 53 55 59 63 67 68 71 72 73 76 80 86 87 90 91 94 96 98 99 102 105 107 108 111 113 114 119 122 124 125 130 131 137 144 145 151 155 156 157 159 160 161 163 164 165 166 167 168 169 170 171 172 173 174 178 179 180 181 183 185 187 188 191 192 195 196 197 199 200 202 208 211 213 220 221 225 226 228 231 237 241 244 245 246 247 250 255 264 265 267 269 270 272 277 280 281 287 288 290 294 295 299 303 307 308 310 311 314 316 317 324 330 332 333 336 337 340 342 345 346 349 350 353 356 361 363 365 369 375 380 381 383 384 385 388 396 398 400 401 402 403 407 413 415 418 419 420 423 438 442 443 444 445 447 450 452 453 454 457 459 461 462 465 466 468 469 471 474 475 476 477 483 484 485 486 487 491 495 496 497 498 500 501 502 505 507 510 513 515 517 520 522 526 527 530 531 535 536 537 543 549 550 553 558 561 562 565 569 570 574 576 581 585 587 592 595 597 598 599 600 603 604 605 606 608 609 613 614 615 616 618 626 628 631 632 633 636 645 647 648 651 652 654 658 666 672 674 675 677 678 682 683 685 691 694 695 696 697 699 701 702 706 709 710 713 716 717 721 725 728 730 738 740 741 744 747 751 753 756 757 758 760 764 765 766 767 768 773 777 782 783 785 787 790 791 794 795 796 797 799 801 806 807 811 812 818 827 833 834 835 837 840 842 844 849 852 853 855 856 858 859 865 869 872 874 876 878 880 885 886 889 891 894 896 897 898 900 902 903 909 914 915 925 931 933 936 937 942 943 946 948 949 950 954 957 958 959 960 962 965 966 967 968 971 974 981 984 993 994 995 996 997 998 1000 1010 1011 1015 1021 1023 1029 1030 1037 1042 1043 1046 1049 1055 1056 1058 1059 1060 1062 1064 1066 1075 1077 1078 1080 1082 1085 1089 1090 1091 1092 1093 1094 1097 1098 1099 1105 1106 1113 1115 1116 1120 1121 1123 1124 1127 1129 1131 1132 1133 1138 1144 1147 1148 1150 1151 1153 1154 1169 1170 1171 1177 1178 1179 1180 1188 1191 1197 1199 1200 1201 1202 1206 1207 1210 1211 1216 1222 1226 1227 1228 1230 1234 1235 1243 1244 1248 1252 1253 1254 1257 1259 1261 1265 1266 1267 1268 1273 1281 1282 1284 1297 1299 1300 1303 1304 1307 1313 1315 1316 1319 1320 1322 1323 1324 1325 1326 1327 1328 1329 1338 1340 1351 1359 1360 1361 1363 1364 1375 1377 1379 1380 1394 1395 1397 1399 1400 1402 1407 1408 1411 1414 1415 1417 1421 1430 1433 1442 1445 1449 1450 1451 1453 1455 1456 1458 1459 1460 1462 1463 1464 1475 1481 1486 1487 1491 1492 1493 1494 1496 1497 1498 1499 1500 1505 1506 1507 1508 1509 1517 1521 1529 1532 1533 1537 1541 1544 1545 1546 1548 1550 1555 1560 1563 1565 1570 1577 1578 1581 1584 1585 1587 1589 1590 1591 1594 1595 1599 1600 1603 1605 1607 1611 1613 1615 1616 1617 1621 1622 1623 1632 1634 1640 1643 1653 1654 1657 1658 1659 1660 1661 1667 1668 1669 1674 1675 1676 1681 1683 1685 1687 1688 1690 1691 1696 1698 1701 1702 1705 1706 1707 1708 1709 1711 1712 1713 1714 1715 1720 1722 1724 1726 1728 1735 1736 1740 1743 1746 1747 1749 1750 1753 1755 1758 1759 1766 1768 1770 1773 1775 1778 1779 1781 1783 1784 1786 1795 1798 1802 1803 1804 1808 1809 1812 1813 1817 1818 1820 1821 1822 1824 1831 1833 1837 1838 1844 1858 1859 1860 1861 1862 1864 1865 1866 1867 1869 1870 1877 1879 1885 1887 1888 1890 1893 1898 1899 1905 1908 1910 1914 1918 1922 1928 1930 1931 1934 1935 1936 1939 1942 1944 1950 1951 1956 1959 1962 1963 1964 1966 1968 1969 1970 1971 1972 1973 1975 1978 1980 1984 1989 1990 1991 1992 1994 1998 2003 2007 2015 2017 2018 2019 2022 2028 2031 2035 2036 2040 2042 2044 2046 2047 2048 2049 2050 2051 2053 2058 2061 2066 2069 2072 2074 2083 2086 2089 2091 2094 2096 2104 2107 2108 2112 2114 2118 2121 2124 2127 2128 2129 2131 2133 2136 2140 2143 2144 2151 2152 2155 2169 2176 2177 2178 2179 2184 2189 2194 2196 2198 2204 2208 2209 2212 2217 2219 2221 2223 2226 2235 2238 2239 2244 2248 2250 2252 2254 2255 2256 2257 2260 2262 2263 2267 2268 2269 2270 2271 2276 2277 2278 2281 2284 2285 2286 2287 2289 2290 2291 2296 2297 2299 2306 2308 2311 2315 2316 2318 2322 2324 2325 2328 2329 2330 2331 2332 2333 2334 2335 2336 2341 2342 2343 2345 2346 2347 2349 2351 2352 2353 2363 2365 2369 2370 2372 2373 2374 2376 2379 2382 2384 2388 2389 2391 2392 2395 2397 2398 2400 2401 2402 2408 2409 2410 2412 2413 2415 2416 2418 2421 2422 2425 2428 2429 2430 2437 2438 2440 2442 2444 2446 2447 2449 2451 2452 2454 2462 2464 2465 2466 2467 2468 2470 2473 2482 2486 2488 2491 2498 2501 2507 2515 2516 2520 2522 2524 2525 2527 2529 2532 2537 2538 2544 2545 2548 2553 2555 2556 2559 2562 2570 2571 2572 2575 2577 2579 2582 2584 2585 2586 2588 2593 2596 2598 2599 2600 2604 2609 2610 2612 2617 2618 2621 2622 2624 2630 2632 2633 2636 2645 2646 2652 2654 2658 2659 2660 2663 2666 2667 2669 2670 2673 2677 2678 2683 2690 2692 2695 2698 2699 2700 2703 2704 2715 2717 2718 2719 2722 2723 2726 2728 2730 2731 2732 2734 2735 2736 2737 2738 2739 2740 2741 2744 2749 2750 2752 2753 2756 2761 2762 2763 2765 2767 2769 2770 2773 2776 2779 2783 2785 2787 2788 2791 2794 2797 2799 2802 2803 2804 2808 2809 2810 2812 2817 2818 2821 2822 2823 2824 2832 2833 2834 2835 2837 2838 2839 2840 2842 2843 2844 2848 2851 2856 2857 2859 2861 2862 2865 2866 2870 2874 2876 2877 2879 2884 2887 2888 2890 2894 2899 2900 2903 2905 2908 2909 2910 2917 2919 2925 2926 2930 2931 2933 2934 2940 2946 2948 2951 2958 2960 2963 2969 2971 2974 2975 2982 2985 2986 2987 2993 2994 2996 2997 2999 3001 3002 3006 3010 3012 3013 3017 3019 3020 3023 3024 3028 3029 3033 3036 3038 3040 3041 3042 3043 3047 3048 3049 3052 3054 3055 3056 3057 3059 3060 3063 3064 3066 3067 3072 3073 3075 3076 3078 3080 3081 3086 3088 3090 3096 3099 3102 3107 3108 3111 3112 3113 3117 3118 3119 3122 3124 3127 3131 3132 3135 3136 3137 3141 3143 3144 3145 3151 3152 3153 3156 3157 3158 3160 3163 3165 3166 3167 3168 3170 
u 1 3 7 17 19 21 47 48 51 53 59 65 83 99 100 101 107 160 163 165 169 171 174 178 180 182 183 197 204 209 215 221 223 225 229 236 237 239 242 243 267 268 270 292 295 302 308 322 340 343 345 352 354 359 361 363 365 366 377 378 379 388 389 390 396 397 398 417 421 422 428 435 437 467 468 469 471 474 480 481 483 487 489 501 503 508 509 513 516 518 522 530 532 540 551 558 559 561 564 565 576 578 583 584 587 591 592 593 611 612 613 620 637 640 642 653 657 658 665 674 675 676 683 686 690 691 694 696 699 701 704 706 711 712 715 717 722 728 730 731 733 739 743 748 749 750 764 766 769 770 780 787 788 790 792 793 794 795 799 801 811 812 813 823 838 841 845 847 849 870 873 876 878 879 881 883 889 894 898 900 904 909 932 936 951 952 954 962 963 964 965 970 977 984 988 993 995 1006 1007 1009 1012 1013 1014 1018 1021 1024 1026 1029 1036 1040 1044 1052 1056 1062 1066 1087 1088 1095 1097 1098 1106 1112 1113 1114 1115 1117 1120 1128 1130 1139 1142 1145 1147 1152 1161 1166 1174 1175 1177 1184 1186 1190 1193 1196 1198 1209 1212 1222 1227 1229 1233 1239 1241 1249 1252 1253 1255 1256 1258 1264 1267 1268 1279 1286 1299 1304 1306 1307 1311 1315 1317 1322 1323 1324 1328 1330 1337 1339 1340 1359 1362 1369 1371 1372 1378 1386 1387 1391 1392 1394 1396 1397 1409 1412 1413 1414 1417 1426 1428 1432 1441 1442 1445 1453 1456 1457 1462 1468 1469 1470 1471 1472 1475 1478 1484 1491 1495 1496 1501 1502 1504 1507 1512 1516 1517 1521 1527 1548 1553 1558 1565 1568 1571 1577 1587 1589 1593 1595 1596 1597 1604 1609 1613 1617 1619 1620 1627 1629 1632 1638 1639 1651 1657 1666 1667 1669 1674 1676 1683 1691 1692 1697 1698 1701 1707 1715 1723 1732 1734 1737 1741 1748 1749 1752 1761 1766 1771 1784 1788 1789 1790 1791 1795 1800 1802 1805 1810 1820 1821 1831 1833 1834 1838 1847 1853 1858 1861 1862 1868 1870 1876 1886 1898 1908 1910 1913 1914 1930 1932 1937 1939 1944 1945 1949 1950 1966 1968 1971 1989 1996 2005 2006 2007 2012 2013 2014 2015 2017 2019 2025 2031 2032 2039 2046 2052 2053 2057 2062 2074 2077 2079 2080 2087 2096 2106 2107 2123 2124 2125 2129 2131 2132 2134 2136 2140 2150 2151 2155 2159 2163 2169 2175 2177 2194 2196 2197 2204 2214 2215 2220 2228 2232 2233 2234 2237 2242 2245 2248 2249 2255 2256 2260 2261 2269 2277 2279 2285 2287 2294 2297 2303 2310 2311 2312 2322 2323 2331 2338 2339 2343 2346 2347 2351 2360 2363 2368 2369 2373 2378 2389 2392 2399 2400 2415 2420 2424 2432 2434 2437 2438 2440 2441 2442 2449 2450 2451 2454 2457 2467 2468 2472 2475 2486 2490 2502 2506 2513 2515 2530 2536 2540 2541 2556 2560 2563 2571 2582 2584 2587 2594 2596 2599 2613 2617 2620 2630 2638 2643 2645 2648 2650 2651 2655 2657 2658 2660 2664 2665 2667 2668 2674 2682 2686 2697 2698 2699 2700 2710 2717 2721 2723 2733 2738 2744 2746 2748 2755 2756 2759 2760 2762 2764 2765 2766 2774 2778 2781 2784 2787 2788 2801 2804 2805 2812 2813 2820 2821 2829 2837 2842 2845 2846 2853 2863 2864 2869 2876 2880 2882 2891 2893 2898 2900 2901 2906 2911 2912 2932 2936 2954 2957 2962 2964 2965 2979 2985 2987 2994 2998 3003 3004 3008 3016 3017 3019 3020 3035 3040 3052 3058 3062 3066 3070 3072 3078 3081 3082 3086 3092 3093 3094 3097 3098 3105 3108 3112 3113 3117 3121 3127 3131 3137 3140 3142 3145 3148 3149 3152 3155 3161 3164 3169 
v 3 23 25 38 42 51 60 87 89 91 94 98 99 102 127 139 141 150 153 155 173 228 236 255 271 322 328 337 348 356 360 379 389 399 406 414 423 437 441 451 453 478 488 491 509 521 538 540 541 566 568 575 613 630 650 668 674 680 752 762 797 801 836 848 852 864 872 874 890 917 932 959 969 990 1019 1035 1061 1065 1078 1081 1085 1092 1110 1125 1134 1135 1156 1158 1163 1172 1196 1213 1231 1242 1262 1270 1271 1303 1309 1346 1360 1367 1378 1398 1419 1423 1458 1502 1503 1505 1519 1545 1549 1567 1608 1610 1625 1630 1635 1640 1651 1663 1668 1696 1699 1720 1726 1728 1747 1752 1756 1778 1779 1788 1801 1827 1828 1842 1843 1885 1902 1903 1907 1912 1920 1929 1985 1987 2006 2024 2026 2041 2052 2059 2063 2064 2099 2120 2123 2127 2135 2145 2147 2154 2158 2162 2166 2173 2175 2195 2249 2253 2296 2301 2304 2309 2327 2335 2339 2341 2357 2365 2387 2412 2440 2449 2460 2468 2472 2477 2495 2512 2514 2525 2558 2597 2612 2623 2654 2657 2662 2676 2679 2680 2697 2699 2704 2707 2719 2724 2741 2747 2784 2786 2806 2811 2815 2828 2843 2846 2847 2853 2860 2870 2890 2901 2909 2917 2957 2984 2986 2993 3014 3017 3018 3020 3031 3039 3052 3060 3082 3088 3097 3099 3102 3142 3150 3152 3160 3169 3171 
w 14 16 20 23 28 39 96 117 152 168 176 214 227 261 265 278 284 294 299 312 325 328 330 339 342 344 353 364 374 400 408 444 492 500 505 507 514 521 539 542 550 569 570 572 582 585 589 601 607 636 649 664 702 710 720 722 726 732 754 776 785 798 800 815 816 875 893 899 908 935 938 941 950 982 985 994 1010 1014 1027 1035 1038 1041 1046 1086 1101 1116 1125 1131 1141 1143 1167 1191 1195 1210 1246 1251 1320 1336 1344 1352 1353 1370 1384 1393 1401 1408 1410 1424 1440 1449 1452 1485 1503 1508 1514 1525 1530 1539 1552 1592 1606 1614 1618 1628 1644 1656 1661 1675 1680 1718 1744 1745 1768 1799 1814 1835 1863 1875 1881 1882 1911 1919 1928 1931 1955 1956 1973 1976 1979 1980 1993 1999 2002 2009 2014 2016 2022 2027 2030 2054 2075 2114 2136 2141 2149 2156 2170 2202 2229 2230 2259 2272 2275 2277 2280 2301 2302 2306 2317 2325 2337 2350 2397 2402 2404 2436 2453 2458 2463 2476 2492 2500 2503 2550 2551 2565 2566 2568 2570 2572 2585 2622 2628 2629 2641 2672 2674 2687 2714 2735 2763 2775 2777 2814 2836 2840 2855 2861 2871 2873 2895 2913 2919 2925 2926 2937 2939 2941 2947 2955 2961 2970 2977 2983 2991 2994 3010 3027 3035 3043 3046 3068 3071 3089 3095 3120 3138 3151 3153 3165 
x 44 105 108 111 114 123 151 226 430 440 446 458 486 504 522 648 666 697 715 725 804 887 914 919 957 968 1037 1045 1124 1177 1222 1308 1515 1527 1732 1829 1896 1942 2030 2045 2078 2173 2184 2266 2289 2309 2330 2374 2379 2380 2422 2471 2485 2516 2534 2538 2615 2637 2660 2681 2692 2778 2827 2888 2928 2954 3069 3141 
y 9 13 19 86 89 90 112 120 134 162 184 185 202 217 219 221 226 231 244 250 252 255 256 259 268 285 287 299 300 311 326 327 347 354 365 371 380 389 391 406 435 436 463 479 482 499 503 508 516 529 530 538 556 560 596 599 604 649 678 684 688 707 708 713 719 725 727 729 733 737 741 754 756 758 796 814 825 838 849 851 867 875 878 880 881 901 904 906 907 908 914 929 944 946 951 960 971 1000 1006 1008 1015 1016 1017 1034 1062 1074 1085 1086 1111 1114 1120 1124 1127 1133 1137 1156 1164 1168 1176 1184 1190 1199 1203 1207 1212 1215 1239 1250 1254 1255 1270 1273 1278 1293 1298 1300 1304 1309 1326 1327 1331 1350 1356 1359 1368 1392 1398 1404 1425 1432 1435 1443 1451 1480 1481 1511 1521 1530 1533 1540 1543 1548 1551 1561 1563 1566 1570 1573 1575 1588 1593 1603 1605 1617 1627 1632 1636 1637 1642 1652 1662 1671 1673 1676 1678 1687 1699 1703 1714 1740 1743 1762 1769 1776 1811 1827 1842 1843 1845 1847 1849 1852 1877 1892 1897 1899 1924 1943 1957 1967 1986 2005 2016 2020 2041 2045 2055 2060 2067 2068 2073 2081 2085 2092 2096 2105 2123 2137 2144 2151 2156 2157 2164 2186 2193 2194 2198 2210 2222 2225 2230 2244 2247 2249 2252 2265 2272 2279 2284 2288 2307 2318 2321 2328 2354 2356 2363 2387 2388 2396 2397 2406 2408 2444 2477 2483 2486 2491 2510 2538 2551 2560 2565 2568 2575 2583 2606 2618 2627 2630 2631 2634 2639 2641 2647 2687 2703 2706 2756 2779 2782 2789 2807 2817 2824 2826 2833 2837 2839 2840 2846 2863 2866 2867 2885 2888 2894 2896 2901 2906 2915 2916 2925 2926 2929 2930 2934 2936 2952 2953 2962 2987 2990 3007 3032 3033 3035 3043 3047 3057 3058 3063 3070 3073 3084 3102 3110 3114 3115 3118 3123 3127 3151 3152 3169 
z 75 282 536 543 668 987 1050 1349 1579 1654 1695 1719 1782 1839 2011 2197 2378 2748 2798 2883 3051 3079 3128 
 3173 3176 3180 3181 3182 3183 
 3172 3173 3174 3175 3176 3177 3178 3180 3181 3182 3183 
 3183 
 3182 
 3177 3181 3183 
 3173 3176 3180 3181 3182 
 3173 3176 3180 3181 3182 3183 
 3178 3179 
  3183 
۵ 3182 
ﭨ 3183 
ﺙ 3172 3173 3174 3175 3176 3177 3178 3179 3180 3181 3182 3183 
ﺛ 3183 
ﻗ 3173 3176 3180 3181 3182 3183 
ﻛﺕ 3328 3329 
ﻛﺕ 3269 3270 3380 
ﻛﺕ 3319 3374 
ﻛﺕ 3305 3350 3361 
ﻛﺕ۳ 3389 
ﻛﺕ۹ 3185 
ﻛﺕ­ 3194 3303 
ﻛﺕﭦ 3288 
ﻛﺕﭨ 3386 
ﻛﺗ 3246 3270 
ﻛﺗ 3322 3341 
ﻛﺗ۵ 3384 
ﻛﭦ 3296 
ﻛﭦ؟ 3378 
ﻛﭦﭦ 3185 3186 3187 3209 3233 3261 3295 3308 3362 
ﻛﭨ 3256 
ﻛﭨ۲ 3254 3255 
ﻛﭨ۳ 3362 
ﻛﭨ۴ 3287 3308 3309 
ﻛﭨﺓ 3262 
ﻛﭨﺛ 3196 
ﻛﺙ 3276 
ﻛﺙ 3307 
ﻛﺙ  3253 
ﻛﺙﺙ 3348 3350 
ﻛﺛ 3213 
ﻛﺛ 3369 3399 3400 
ﻛﺛ 3214 3215 
ﻛﺛﺟ 3357 
ﻛﺝ 3234 
ﻛﺝﺟ 3306 
ﻛﺟ 3223 
ﮒﺙ 3262 
ﮒ 3243 
ﮒ 3390 3394 
ﮒﺏ 3259 3260 3294 
ﮒ 3337 
ﮒ 3229 
ﮒ 3289 
ﮒﺕ 3344 
ﮒﭦ 3197 3229 3336 3372 
ﮒ 3354 3360 
ﮒ 3329 3330 
ﮒ 3402 
ﮒ 3215 
ﮒﭘ 3249 3272 3273 3274 
ﮒ۶ 3244 3252 
ﮒ  3258 
ﮒﺟ 3367 
ﮒﺟ 3311 
ﮒﭦ 3359 3360 
ﮒﺍ 3315 
ﮒ 3265 3388 
ﮒ 3402 
ﮒﭨ 3310 
ﮒ 3401 
ﮒ 3340 3343 
ﮒ 3236 3237 3238 
ﮒﺎ 3189 3264 
ﮒ 3263 
ﮒ 3224 3364 
ﮒ 3278 
ﮒ 3233 
ﮒ 3190 
ﮒﺛ 3277 3278 
ﮒ 3370 
ﮒﭦ 3211 3212 
ﮒﺛ 3269 3270 3380 
ﮒ۷ 3321 3323 
ﮒﺍ 3212 3213 
ﮒﭦ 3279 3372 
ﮒ 3192 
ﮒﭦ 3289 
ﮒ۲، 3371 
ﮒ۳ 3304 3321 
ﮒ۳ 3365 
ﮒ۳ 3290 
ﮒ۳ 3235 3236 3276 3292 3293 3347 
ﮒ۳۶ 3342 
ﮒ۳ﺎ 3355 3366 
ﮒ۴  3206 
ﮒ۴ﺛ 3305 
ﮒ۵ 3387 
ﮒ۹ 3256 
ﮒ­ 3222 
ﮒ­ 3323 
ﮒ­۵ 3191 3345 
ﮒ؟ 3206 3283 
ﮒ؟ 3189 
ﮒ؟ﭘ 3214 
ﮒ؟ﺝ 3385 
ﮒﺁﺕ 3354 
ﮒﺁﺗ 3275 
ﮒﺁﭨ 3324 
ﮒﺁﺙ 3368 
ﮒﺍ 3218 3219 
ﮒﺍ 3291 
ﮒﺍﺛ 3355 
ﮒﺎ 3237 3238 3239 
ﮒﺓ۴ 3258 
ﮒﺓ۷ 3272 3273 
ﮒﺓ؟ 3343 
ﮒﺗﺎ 3284 3285 
ﮒﺗﺏ 3242 3245 
ﮒﭦ 3221 
ﮒﭦ۵ 3216 3353 
ﮒﭦﭘ 3392 
ﮒﭦﺕ 3245 
ﮒﭨﭦ 3297 3298 
ﮒﺙ 3227 3228 
ﮒﺙ 3267 
ﮒﺙﭦ 3342 
ﮒﺛ 3254 3255 3303 3317 
ﮒﺛ۱ 3187 3188 3199 3327 
ﮒﺝ 3346 
ﮒﺝ 3277 
ﮒﺝ 3391 
ﮒﺝ 3316 3317 
ﮒﺝ۹ 3398 
ﮒﺟ 3247 
ﮒﺟ 3280 3367 
ﮒﺟ 3380 
ﮔ۶ 3219 3228 3238 3239 3240 3266 3282 3326 
ﮔ 3373 
ﮔ 3202 3203 
ﮔ۶ 3225 
ﮔ 3300 
ﮔ 3207 
ﮔ 3320 3351 
ﮔ؛ 3267 
ﮔ 3352 
ﮔ 3223 3281 
ﮔ 3234 
ﮔ۰ 3352 
ﮔ­ 3335 
ﮔﺝ 3227 3228 
ﮔ۲ 3232 
ﮔ 3191 
ﮔ۴ 3243 
ﮔ  3318 3396 
ﮔﭘ 3265 
ﮔ 3204 3222 
ﮔ 3356 
ﮔﺁ 3396 
ﮔ 3393 
ﮔﭦ 3208 3225 3370 
ﮔﺑ 3292 
ﮔﺁ 3198 3199 3255 
ﮔ۴ 3202 3203 3217 3309 3374 3375 3390 3393 
ﮔ 3356 
ﮔ 3248 3300 
ﮔ  3226 
ﮔ ﺙ 3240 
ﮔ۷۰ 3250 3363 
ﮔ­۲ 3338 
ﮔ­۳ 3205 3287 3288 
ﮔ­ﭨ 3395 
ﮔﺎ 3220 3324 3349 
ﮔﺏ 3351 3381 
ﮔﺑﭨ 3302 
ﮔﭖ 3312 3313 
ﮔﭘﭖ 3337 
ﮔﺓ۰ 3313 3314 
ﮔﺓﭨ 3319 
ﮔﺕ 3200 
ﮔﺙ 3246 3270 
ﮔﺙ  3314 
ﮔﺙ، 3232 
ﻝ۱ 3211 3212 
ﻝ۸ 3186 3187 3399 
ﻝﺗ 3201 3346 
ﻝﭘ 3301 
ﻝ؛ 3325 3326 
ﻝﺍ 3197 3344 
ﻝ 3304 3316 
ﻝ۷ 3347 
ﻝﺎ 3205 
ﻝﭖ 3251 3252 
ﻝ 3318 
ﻝﭨ 3279 
ﻝﺕ 3293 3294 
ﻝ 3375 
ﻝ۰؟ 3283 
ﻝ۳ﭦ 3335 
ﻝ۷ 3193 
ﻝ، 3297 3298 3325 3326 
ﻝ؛ 3244 
ﻝ؛ 3320 
ﻝ­ 3224 
ﻝ­ 3332 3334 
ﻝﺁ 3271 3272 
ﻝﺎﺝ 3247 
ﻝﺏ 3363 
ﻝﺏﭨ 3210 3282 3298 3299 3328 3329 3330 3400 
ﻝﺑ۱ 3241 
ﻝﭦﺟ 3241 
ﻝﭨ 3263 
ﻝﭨ 3257 
ﻝﭨ 3308 
ﻝﭨ 3209 3376 
ﻝﭨ 3184 3210 3282 
ﻝﭨﺑ 3281 
ﻝﺙﭦ 3230 3231 
ﻝﺛ 3301 
ﻝﺝ 3231 3345 
ﻟ 3298 3299 
ﻟ۳ 3312 
ﻟﺑ 3368 
ﻟﺎ 3201 
ﻟﭦ 3198 3199 3255 
ﻟ 3257 3373 
ﻟﺎ 3319 
ﻟ۴ 3284 
ﻟ 3377 3378 
ﻟ۰۰ 3366 
ﻟ۰؛ 3195 3339 3340 
ﻟ۵ 3220 3286 
ﻟ۶ 3250 
ﻟ۶ 3251 3252 
ﻟ۶ 3216 
ﻟ۶۲ 3332 3333 3334 3369 
ﻟ؟ﺕ 3235 
ﻟ؟ﭦ 3396 
ﻟﺁ 3260 3261 
ﻟﺁ 3242 
ﻟﺁﺁ 3359 
ﻟﺁﺑ 3217 3341 3383 
ﻟﺁﺕ 3377 3378 
ﻟﺁﭨ 3379 
ﻟﺍ 3207 
ﻟﺎ۰ 3187 3188 3199 3268 3315 
ﻟﭖﺍ 3358 
ﻟﭘﺏ 3361 
ﻟﺓ 3302 
ﻟﺓ۷ 3190 
ﻟﭦ، 3196 3327 
ﻟﺝ 3291 
ﻟﺝﺝ 3253 
ﻟﺟ 3193 
ﻟﺟ 3200 3358 
ﻠﭖ 3398 
ﻠﺛ 3397 
ﻠ 3382 
ﻠ 3285 3286 3365 3401 
ﻠ۵ 3319 
ﻠ؟ 3259 3260 
ﻠ­ 3218 3219 
ﻠ؟ 3331 3332 
ﻠﺑ 3322 
ﻠ۹ 3195 
ﻠﺓ 3230 3231 
ﻠﺓ 3364 
ﻠ۱ 3274 3275 
ﻠ۰ﭨ 3280 
ﻠ۱ 3192 
ﻠ۱ 3331 3332 3333 
ﻠ، 3226 
ﻠﺎ 3204 
ﻠﺕﺟ 3271 3272 
ﺅ 3172 3173 3174 3175 3176 3177 3178 3179 3180 3181 3182 3183 
