0 0 1936
1 1936 534
2 2470 1638
3 4108 3166
4 7274 3826
5 11100 2515
6 13615 3586
7 17201 1854
8 19055 642
9 19697 9233
10 28930 17846
11 46776 1785
12 48561 1228
13 49789 2894
14 52683 1229
15 53912 7584
16 61496 175
17 61671 5209
18 66880 656
19 67536 1640
20 69176 620
21 69796 611
22 70407 4714
23 75121 4757
24 79878 7955
25 87833 7514
26 95347 9678
27 105025 1379
28 106404 669
29 107073 654
30 107727 304
31 108031 4730
32 112761 655
33 113416 722
34 114138 2292
35 116430 353
36 116783 194
37 116977 657
38 117634 1934
39 119568 639
40 120207 1292
41 121499 6099
42 127598 634
43 128232 2595
44 130827 1951
45 132778 2583
46 135361 243
47 135604 2469
48 138073 2534
49 140607 6119
50 146726 3611
51 150337 7549
52 157886 1600
53 159486 897
54 160383 7618
55 168001 4313
56 172314 2185
57 174499 4656
58 179155 8554
59 187709 662
60 188371 639
61 189010 689
62 189699 2340
63 192039 2104
64 194143 2747
65 196890 3833
66 200723 178
67 200901 642
68 201543 3413
69 204956 623
70 205579 3267
71 208846 6937
72 215783 924
73 216707 2417
74 219124 1101
75 220225 664
76 220889 6275
77 227164 173
78 227337 3818
79 231155 3750
80 234905 513
81 235418 2388
82 237806 2616
83 240422 624
84 241046 3778
85 244824 657
86 245481 3796
87 249277 5542
88 254819 4510
89 259329 1561
90 260890 2092
91 262982 2490
92 265472 1704
93 267176 2557
94 269733 1810
95 271543 2182
96 273725 1951
97 275676 2037
98 277713 2291
99 280004 2695
100 282699 2676
101 285375 1916
102 287291 2305
103 289596 3196
104 292792 5372
105 298164 332
106 298496 1766
107 300262 4613
108 304875 4160
109 309035 4755
110 313790 519
111 314309 1156
112 315465 1192
113 316657 2575
114 319232 586
115 319818 3679
116 323497 2845
117 326342 3957
118 330299 2893
119 333192 6478
120 339670 171
121 339841 648
122 340489 717
123 341206 8099
124 349305 13566
125 362871 1595
126 364466 8030
127 372496 6237
128 378733 210
129 378943 1509
130 380452 3544
131 383996 2158
132 386154 2190
133 388344 1232
134 389576 3449
135 393025 676
136 393701 1528
137 395229 7660
138 402889 2289
139 405178 8213
140 413391 1300
141 414691 7470
142 422161 1228
143 423389 4086
144 427475 1241
145 428716 1418
146 430134 3603
147 433737 2383
148 436120 11553
149 447673 4629
150 452302 3211
151 455513 5008
152 460521 2316
153 462837 2194
154 465031 3220
155 468251 1181
156 469432 1209
157 470641 642
158 471283 640
159 471923 634
160 472557 2367
161 474924 668
162 475592 2455
163 478047 640
164 478687 1389
165 480076 2625
166 482701 685
167 483386 2546
168 485932 3565
169 489497 1227
170 490724 641
171 491365 5362
172 496727 647
173 497374 641
174 498015 642
175 498657 652
176 499309 6621
177 505930 644
178 506574 646
179 507220 8948
180 516168 3791
181 519959 20490
182 540449 2057
183 542506 1096
184 543602 4109
185 547711 7900
186 555611 2909
187 558520 3759
188 562279 204
189 562483 1110
190 563593 5245
191 568838 5022
192 573860 4206
193 578066 683
194 578749 6083
195 584832 9318
196 594150 2596
197 596746 3904
198 600650 1122
199 601772 1279
200 603051 823
201 603874 2435
202 606309 3752
203 610061 176
204 610237 1287
205 611524 16330
206 627854 1001
207 628855 2087
208 630942 624
209 631566 2012
210 633578 1855
211 635433 10178
212 645611 2141
213 647752 3493
214 651245 1479
215 652724 3947
216 656671 1622
217 658293 3669
218 661962 614
219 662576 618
220 663194 2875
221 666069 200
222 666269 2572
223 668841 10072
224 678913 805
225 679718 2426
226 682144 626
227 682770 1819
228 684589 630
229 685219 6441
230 691660 629
231 692289 14500
232 706789 617
233 707406 617
234 708023 622
235 708645 623
236 709268 1188
237 710456 1667
238 712123 1647
239 713770 864
240 714634 3106
241 717740 629
242 718369 661
243 719030 4004
244 723034 661
245 723695 644
246 724339 3780
247 728119 945
248 729064 1780
249 730844 6480
250 737324 4907
251 742231 3500
252 745731 176
253 745907 2105
254 748012 1076
255 749088 2800
256 751888 7922
257 759810 2933
258 762743 989
259 763732 7411
260 771143 633
261 771776 1037
262 772813 203
263 773016 1940
264 774956 2937
265 777893 660
266 778553 5227
267 783780 866
268 784646 525
269 785171 1454
270 786625 1788
271 788413 979
272 789392 630
273 790022 2904
274 792926 819
275 793745 6066
276 799811 630
277 800441 1533
278 801974 3368
279 805342 1089
280 806431 27042
281 833473 6008
282 839481 5399
283 844880 668
284 845548 783
285 846331 4084
286 850415 5123
287 855538 7796
288 863334 1067
289 864401 3160
290 867561 623
291 868184 3696
292 871880 8011
293 879891 643
294 880534 194
295 880728 2942
296 883670 632
297 884302 1318
298 885620 1798
299 887418 1072
300 888490 661
301 889151 2469
302 891620 176
303 891796 1580
304 893376 1232
305 894608 3453
306 898061 4834
307 902895 642
308 903537 6285
309 909822 662
310 910484 2151
311 912635 650
312 913285 3534
313 916819 5429
314 922248 851
315 923099 2469
316 925568 3172
317 928740 4255
318 932995 642
319 933637 2204
320 935841 1386
321 937227 2940
322 940167 2154
323 942321 649
324 942970 638
325 943608 641
326 944249 638
327 944887 646
328 945533 653
329 946186 625
330 946811 173
331 946984 1461
332 948445 3290
333 951735 19867
334 971602 624
335 972226 624
336 972850 623
337 973473 199
338 973672 638
339 974310 14095
340 988405 4400
341 992805 456
342 993261 6784
343 1000045 2842
344 1002887 3417
345 1006304 1504
346 1007808 2730
347 1010538 556
348 1011094 2842
349 1013936 803
350 1014739 1372
351 1016111 819
352 1016930 6273
353 1023203 6877
354 1030080 6326
355 1036406 2430
356 1038836 2696
357 1041532 4206
358 1045738 1266
359 1047004 4073
360 1051077 3536
361 1054613 5137
362 1059750 1353
363 1061103 175
364 1061278 2710
365 1063988 1978
366 1065966 4972
367 1070938 3507
368 1074445 1917
369 1076362 5712
370 1082074 960
371 1083034 867
372 1083901 8513
373 1092414 6790
374 1099204 5304
375 1104508 1298
376 1105806 5523
377 1111329 6245
378 1117574 10706
379 1128280 2030
380 1130310 19076
381 1149386 19670
382 1169056 658
383 1169714 3392
384 1173106 1685
385 1174791 1337
386 1176128 3146
387 1179274 5207
388 1184481 6163
389 1190644 1436
390 1192080 649
391 1192729 5643
392 1198372 1884
393 1200256 630
394 1200886 676
395 1201562 980
396 1202542 1334
397 1203876 1976
398 1205852 1345
399 1207197 5127
400 1212324 3856
401 1216180 1615
402 1217795 3322
403 1221117 656
404 1221773 656
405 1222429 627
406 1223056 674
407 1223730 584
408 1224314 1050
409 1225364 807
410 1226171 1106
411 1227277 1197
412 1228474 583
413 1229057 1192
414 1230249 2310
415 1232559 9060
416 1241619 1212
417 1242831 583
418 1243414 4267
419 1247681 6535
420 1254216 2307
421 1256523 585
422 1257108 585
423 1257693 2551
424 1260244 188
425 1260432 3768
426 1264200 2782
427 1266982 10497
428 1277479 627
429 1278106 671
430 1278777 5766
431 1284543 3447
432 1287990 1090
433 1289080 629
434 1289709 4119
435 1293828 2626
436 1296454 1223
437 1297677 1811
438 1299488 643
439 1300131 5360
440 1305491 1327
441 1306818 519
442 1307337 1215
443 1308552 1204
444 1309756 693
445 1310449 642
446 1311091 647
447 1311738 4684
448 1316422 7134
449 1323556 3578
450 1327134 944
451 1328078 1250
452 1329328 3160
453 1332488 3731
454 1336219 660
455 1336879 10647
456 1347526 2002
457 1349528 1551
458 1351079 21751
459 1372830 4074
460 1376904 629
461 1377533 643
462 1378176 647
463 1378823 622
464 1379445 8853
465 1388298 6666
466 1394964 1581
467 1396545 5798
468 1402343 1215
469 1403558 2536
470 1406094 2817
471 1408911 7412
472 1416323 663
473 1416986 1543
474 1418529 3003
475 1421532 1334
476 1422866 8938
477 1431804 1962
478 1433766 638
479 1434404 3290
480 1437694 2807
481 1440501 4287
482 1444788 3531
483 1448319 3728
484 1452047 1616
485 1453663 1591
486 1455254 3828
487 1459082 1223
488 1460305 2702
489 1463007 1121
490 1464128 1124
491 1465252 3412
492 1468664 6229
493 1474893 1279
494 1476172 1074
495 1477246 1734
496 1478980 1143
497 1480123 2536
498 1482659 1854
499 1484513 4388
500 1488901 649
501 1489550 1787
502 1491337 3323
503 1494660 317
504 1494977 217
505 1495194 3382
506 1498576 2102
507 1500678 2129
508 1502807 6275
509 1509082 611
510 1509693 3474
511 1513167 2661
512 1515828 1888
513 1517716 9971
514 1527687 3633
515 1531320 5088
516 1536408 559
517 1536967 1240
518 1538207 1732
519 1539939 191
520 1540130 1499
521 1541629 9028
522 1550657 755
523 1551412 15086
524 1566498 1243
525 1567741 1936
526 1569677 4167
527 1573844 3215
528 1577059 899
529 1577958 8819
530 1586777 209
531 1586986 2202
532 1589188 1255
533 1590443 627
534 1591070 1042
535 1592112 3151
536 1595263 2095
537 1597358 1937
538 1599295 687
539 1599982 5608
540 1605590 5825
541 1611415 5630
542 1617045 761
543 1617806 3082
544 1620888 4359
545 1625247 1474
546 1626721 619
547 1627340 6891
548 1634231 964
549 1635195 704
550 1635899 667
551 1636566 4777
552 1641343 1225
553 1642568 4637
554 1647205 1242
555 1648447 759
556 1649206 668
557 1649874 162
558 1650036 175
559 1650211 1124
560 1651335 197
561 1651532 9027
562 1660559 2916
563 1663475 894
564 1664369 2710
565 1667079 1027
566 1668106 1071
567 1669177 2243
568 1671420 642
569 1672062 4214
570 1676276 11955
571 1688231 3231
572 1691462 1010
573 1692472 3771
574 1696243 5603
575 1701846 1205
576 1703051 3323
577 1706374 2035
578 1708409 2674
579 1711083 650
580 1711733 3780
581 1715513 5176
582 1720689 200
583 1720889 454
584 1721343 19333
585 1740676 1463
586 1742139 4578
587 1746717 1588
588 1748305 1190
589 1749495 1601
590 1751096 10071
591 1761167 13765
592 1774932 3476
593 1778408 475
594 1778883 1402
595 1780285 6521
596 1786806 1562
597 1788368 5868
598 1794236 2822
599 1797058 7361
600 1804419 7882
601 1812301 4386
602 1816687 19494
603 1836181 198
604 1836379 200
605 1836579 642
606 1837221 642
607 1837863 2561
608 1840424 1214
609 1841638 1787
610 1843425 2647
611 1846072 978
612 1847050 2515
613 1849565 3290
614 1852855 7576
615 1860431 1188
616 1861619 5397
617 1867016 5475
618 1872491 8071
619 1880562 2681
620 1883243 3656
621 1886899 2640
622 1889539 642
623 1890181 3297
624 1893478 3904
625 1897382 639
626 1898021 3348
627 1901369 2126
628 1903495 3113
629 1906608 3615
630 1910223 3704
631 1913927 3587
632 1917514 1909
633 1919423 294
634 1919717 207
635 1919924 9096
636 1929020 9693
637 1938713 3913
638 1942626 187
639 1942813 5116
640 1947929 251
641 1948180 9301
642 1957481 688
643 1958169 9191
644 1967360 3924
645 1971284 1377
646 1972661 176
647 1972837 11186
648 1984023 1222
649 1985245 9906
650 1995151 8986
651 2004137 2388
652 2006525 4667
653 2011192 1052
654 2012244 3114
655 2015358 3344
656 2018702 9772
657 2028474 3037
658 2031511 4093
659 2035604 5464
660 2041068 4372
661 2045440 11535
662 2056975 1982
663 2058957 508
664 2059465 1337
665 2060802 640
666 2061442 7159
667 2068601 642
668 2069243 3442
669 2072685 598
670 2073283 3632
671 2076915 580
672 2077495 674
673 2078169 1433
674 2079602 4367
675 2083969 1016
676 2084985 708
677 2085693 319
678 2086012 776
679 2086788 1739
680 2088527 680
681 2089207 5590
682 2094797 584
683 2095381 3684
684 2099065 692
685 2099757 1708
686 2101465 651
687 2102116 642
688 2102758 1170
689 2103928 3878
690 2107806 2146
691 2109952 926
692 2110878 3061
693 2113939 1303
694 2115242 820
695 2116062 5081
696 2121143 5578
697 2126721 527
698 2127248 8838
699 2136086 4323
700 2140409 3447
701 2143856 2177
702 2146033 3444
703 2149477 1844
704 2151321 979
705 2152300 5798
706 2158098 583
707 2158681 2539
708 2161220 2598
709 2163818 2023
710 2165841 2374
711 2168215 5213
712 2173428 1199
713 2174627 718
714 2175345 641
715 2175986 644
716 2176630 1952
717 2178582 5495
718 2184077 3569
719 2187646 2577
720 2190223 2059
721 2192282 2707
722 2194989 2581
723 2197570 1542
724 2199112 1633
725 2200745 6455
726 2207200 160
727 2207360 520
728 2207880 581
729 2208461 479
730 2208940 1575
731 2210515 3019
732 2213534 2521
733 2216055 2081
734 2218136 188
735 2218324 3227
736 2221551 1774
737 2223325 1664
738 2224989 6562
739 2231551 945
740 2232496 650
741 2233146 8233
742 2241379 1031
743 2242410 174
744 2242584 2939
745 2245523 951
746 2246474 8793
747 2255267 1132
748 2256399 2907
749 2259306 649
750 2259955 853
751 2260808 1512
752 2262320 640
753 2262960 1370
754 2264330 3494
755 2267824 3128
756 2270952 4862
757 2275814 213
758 2276027 2414
759 2278441 3568
760 2282009 4492
761 2286501 11439
762 2297940 174
763 2298114 3322
764 2301436 2630
765 2304066 2472
766 2306538 8378
767 2314916 642
768 2315558 181
769 2315739 648
770 2316387 2151
771 2318538 2684
772 2321222 642
773 2321864 646
774 2322510 2249
775 2324759 3625
776 2328384 642
777 2329026 646
778 2329672 2990
779 2332662 660
780 2333322 663
781 2333985 3998
782 2337983 2287
783 2340270 4011
784 2344281 3401
785 2347682 3727
786 2351409 5823
787 2357232 5403
788 2362635 4363
789 2366998 1625
790 2368623 793
791 2369416 5358
792 2374774 1395
793 2376169 5321
794 2381490 3812
795 2385302 2675
796 2387977 7434
797 2395411 9570
798 2404981 1152
799 2406133 659
800 2406792 642
801 2407434 8406
802 2415840 2529
803 2418369 625
804 2418994 2465
805 2421459 1040
806 2422499 2472
807 2424971 4216
808 2429187 2332
809 2431519 4034
810 2435553 183
811 2435736 636
812 2436372 1057
813 2437429 2569
814 2439998 8507
815 2448505 694
816 2449199 5302
817 2454501 3541
818 2458042 7784
819 2465826 2350
820 2468176 3856
821 2472032 657
822 2472689 3419
823 2476108 2240
824 2478348 9612
825 2487960 1019
826 2488979 698
827 2489677 6384
828 2496061 2237
829 2498298 1403
830 2499701 175
831 2499876 3354
832 2503230 1624
833 2504854 6757
834 2511611 5525
835 2517136 11856
836 2528992 4656
837 2533648 2153
838 2535801 508
839 2536309 7388
840 2543697 3799
841 2547496 2207
842 2549703 7402
843 2557105 815
844 2557920 892
845 2558812 986
846 2559798 624
847 2560422 2974
848 2563396 188
849 2563584 4674
850 2568258 2528
851 2570786 1572
852 2572358 3866
853 2576224 7760
854 2583984 654
855 2584638 3730
856 2588368 893
857 2589261 2160
858 2591421 171
859 2591592 1893
860 2593485 2153
861 2595638 650
862 2596288 2888
863 2599176 608
864 2599784 233
865 2600017 649
866 2600666 971
867 2601637 1630
868 2603267 995
869 2604262 1988
870 2606250 1639
871 2607889 1742
872 2609631 9241
873 2618872 2535
874 2621407 642
875 2622049 2725
876 2624774 1805
877 2626579 4372
878 2630951 7784
879 2638735 650
880 2639385 2966
881 2642351 2571
882 2644922 1291
883 2646213 631
884 2646844 644
885 2647488 7771
886 2655259 642
887 2655901 161
888 2656062 10169
889 2666231 9408
890 2675639 4146
891 2679785 5452
892 2685237 5689
893 2690926 4065
894 2694991 7263
895 2702254 4690
896 2706944 6851
897 2713795 1056
898 2714851 3961
899 2718812 1876
900 2720688 904
901 2721592 3803
902 2725395 636
903 2726031 1670
904 2727701 1704
905 2729405 654
906 2730059 652
907 2730711 2215
908 2732926 6501
909 2739427 7513
910 2746940 622
911 2747562 653
912 2748215 644
913 2748859 1220
914 2750079 187
915 2750266 1225
916 2751491 4952
917 2756443 4612
918 2761055 3832
919 2764887 6380
920 2771267 5893
921 2777160 2591
922 2779751 2001
923 2781752 1752
924 2783504 6215
925 2789719 4016
926 2793735 1903
927 2795638 621
928 2796259 1534
929 2797793 677
930 2798470 1461
931 2799931 3434
932 2803365 4970
933 2808335 3912
934 2812247 1202
935 2813449 2677
936 2816126 1478
937 2817604 8144
938 2825748 6517
939 2832265 1966
940 2834231 3146
941 2837377 3876
942 2841253 1292
943 2842545 1578
944 2844123 6877
945 2851000 12499
946 2863499 2581
947 2866080 10437
948 2876517 4767
949 2881284 3543
950 2884827 3527
951 2888354 656
952 2889010 4410
953 2893420 3137
954 2896557 7554
955 2904111 667
956 2904778 623
957 2905401 627
958 2906028 2019
959 2908047 10139
960 2918186 653
961 2918839 4387
962 2923226 6420
963 2929646 4363
964 2934009 6418
965 2940427 2067
966 2942494 3675
967 2946169 2698
968 2948867 3066
969 2951933 1490
970 2953423 12927
971 2966350 9601
972 2975951 11256
973 2987207 1500
974 2988707 2193
975 2990900 5700
976 2996600 768
977 2997368 4528
978 3001896 653
979 3002549 1929
980 3004478 5476
981 3009954 2090
982 3012044 658
983 3012702 1422
984 3014124 9635
985 3023759 1726
986 3025485 1605
987 3027090 3990
988 3031080 1919
989 3032999 659
990 3033658 624
991 3034282 2037
992 3036319 5531
993 3041850 628
994 3042478 1081
995 3043559 2951
996 3046510 1745
997 3048255 1054
998 3049309 4881
999 3054190 2874
1000 3057064 1366
1001 3058430 673
1002 3059103 927
1003 3060030 675
1004 3060705 5774
1005 3066479 4061
1006 3070540 4144
1007 3074684 382
1008 3075066 965
1009 3076031 1265
1010 3077296 650
1011 3077946 634
1012 3078580 4161
1013 3082741 3610
1014 3086351 1330
1015 3087681 12555
1016 3100236 4653
1017 3104889 4096
1018 3108985 9981
1019 3118966 1580
1020 3120546 5477
1021 3126023 1583
1022 3127606 4769
1023 3132375 739
1024 3133114 3350
1025 3136464 608
1026 3137072 1783
1027 3138855 669
1028 3139524 3599
1029 3143123 5356
1030 3148479 3492
1031 3151971 3643
1032 3155614 10921
1033 3166535 10157
1034 3176692 2417
1035 3179109 2064
1036 3181173 636
1037 3181809 1732
1038 3183541 7352
1039 3190893 2017
1040 3192910 1374
1041 3194284 4776
1042 3199060 6782
1043 3205842 24581
1044 3230423 3122
1045 3233545 8260
1046 3241805 1648
1047 3243453 1506
1048 3244959 5710
1049 3250669 6317
1050 3256986 2950
1051 3259936 981
1052 3260917 7844
1053 3268761 7140
1054 3275901 3071
1055 3278972 4232
1056 3283204 3462
1057 3286666 4600
1058 3291266 658
1059 3291924 622
1060 3292546 649
1061 3293195 2531
1062 3295726 637
1063 3296363 4955
1064 3301318 1559
1065 3302877 640
1066 3303517 3565
1067 3307082 2733
1068 3309815 651
1069 3310466 1848
1070 3312314 2531
1071 3314845 7943
1072 3322788 3079
1073 3325867 3807
1074 3329674 10512
1075 3340186 4890
1076 3345076 3400
1077 3348476 2682
1078 3351158 1779
1079 3352937 538
1080 3353475 2685
1081 3356160 5987
1082 3362147 1797
1083 3363944 7585
1084 3371529 4543
1085 3376072 5922
1086 3381994 1433
1087 3383427 4791
1088 3388218 1366
1089 3389584 3368
1090 3392952 4086
1091 3397038 3952
1092 3400990 2279
1093 3403269 8480
1094 3411749 5411
1095 3417160 1739
1096 3418899 2283
1097 3421182 8565
1098 3429747 1854
1099 3431601 2079
1100 3433680 4390
1101 3438070 3320
1102 3441390 2808
1103 3444198 1412
1104 3445610 8425
1105 3454035 10930
1106 3464965 1942
1107 3466907 5540
1108 3472447 2938
1109 3475385 3571
1110 3478956 642
1111 3479598 642
1112 3480240 176
1113 3480416 3418
1114 3483834 1700
1115 3485534 631
1116 3486165 14179
1117 3500344 1834
1118 3502178 4779
1119 3506957 1849
1120 3508806 700
1121 3509506 642
1122 3510148 2983
1123 3513131 9656
1124 3522787 7815
1125 3530602 666
1126 3531268 2842
1127 3534110 1667
1128 3535777 626
1129 3536403 6589
1130 3542992 622
1131 3543614 2211
1132 3545825 3377
1133 3549202 3453
1134 3552655 6568
1135 3559223 1367
1136 3560590 615
1137 3561205 2573
1138 3563778 612
1139 3564390 4977
1140 3569367 3406
1141 3572773 7348
1142 3580121 4059
1143 3584180 4467
1144 3588647 9641
1145 3598288 2544
1146 3600832 1018
1147 3601850 2142
1148 3603992 5927
1149 3609919 2133
1150 3612052 829
1151 3612881 5155
1152 3618036 2918
1153 3620954 12293
1154 3633247 1318
1155 3634565 3579
1156 3638144 3169
1157 3641313 4588
1158 3645901 2972
1159 3648873 8162
1160 3657035 3118
1161 3660153 4402
1162 3664555 6861
1163 3671416 602
1164 3672018 4425
1165 3676443 5816
1166 3682259 688
1167 3682947 5184
1168 3688131 510
1169 3688641 1718
1170 3690359 667
1171 3691026 2344
1172 3693370 3061
1173 3696431 3300
1174 3699731 4608
1175 3704339 1595
1176 3705934 160
1177 3706094 8555
1178 3714649 3339
1179 3717988 3832
1180 3721820 605
1181 3722425 4205
1182 3726630 2433
1183 3729063 608
1184 3729671 180
1185 3729851 187
1186 3730038 2671
1187 3732709 167
1188 3732876 6313
1189 3739189 1226
1190 3740415 194
1191 3740609 10440
1192 3751049 1683
1193 3752732 3215
1194 3755947 669
1195 3756616 408
1196 3757024 618
1197 3757642 623
1198 3758265 176
1199 3758441 2711
1200 3761152 676
1201 3761828 3600
1202 3765428 1116
1203 3766544 6310
1204 3772854 639
1205 3773493 1445
1206 3774938 679
1207 3775617 7569
1208 3783186 3525
1209 3786711 620
1210 3787331 5165
1211 3792496 6856
1212 3799352 2775
1213 3802127 1722
1214 3803849 3597
1215 3807446 3168
1216 3810614 4037
1217 3814651 4736
1218 3819387 175
1219 3819562 4268
1220 3823830 170
1221 3824000 3991
1222 3827991 607
1223 3828598 2320
1224 3830918 7375
1225 3838293 8713
1226 3847006 3942
1227 3850948 609
1228 3851557 616
1229 3852173 2903
1230 3855076 1479
1231 3856555 613
1232 3857168 1944
1233 3859112 612
1234 3859724 4867
1235 3864591 3435
1236 3868026 1507
1237 3869533 612
1238 3870145 5183
1239 3875328 6204
1240 3881532 10688
1241 3892220 7044
1242 3899264 2337
1243 3901601 2783
1244 3904384 968
1245 3905352 1112
1246 3906464 215
1247 3906679 4095
1248 3910774 2328
1249 3913102 2344
1250 3915446 644
1251 3916090 1565
1252 3917655 2158
1253 3919813 690
1254 3920503 637
1255 3921140 799
1256 3921939 1828
1257 3923767 6649
1258 3930416 4572
1259 3934988 3742
1260 3938730 1130
1261 3939860 9587
1262 3949447 7386
1263 3956833 2664
1264 3959497 2069
1265 3961566 4062
1266 3965628 1820
1267 3967448 3916
1268 3971364 3730
1269 3975094 6770
1270 3981864 1805
1271 3983669 712
1272 3984381 174
1273 3984555 6010
1274 3990565 4815
1275 3995380 13951
1276 4009331 1516
1277 4010847 2671
1278 4013518 626
1279 4014144 5238
1280 4019382 616
1281 4019998 3709
1282 4023707 1689
1283 4025396 5030
1284 4030426 1462
1285 4031888 3088
1286 4034976 642
1287 4035618 647
1288 4036265 5682
1289 4041947 8567
1290 4050514 1122
1291 4051636 2726
1292 4054362 638
1293 4055000 1613
1294 4056613 2755
1295 4059368 5893
1296 4065261 3170
1297 4068431 1488
1298 4069919 630
1299 4070549 5206
1300 4075755 1661
1301 4077416 3319
1302 4080735 674
1303 4081409 2404
1304 4083813 5102
1305 4088915 2358
1306 4091273 161
1307 4091434 1216
1308 4092650 9026
1309 4101676 641
1310 4102317 643
1311 4102960 6035
1312 4108995 1861
1313 4110856 629
1314 4111485 8937
1315 4120422 7693
1316 4128115 23586
1317 4151701 621
1318 4152322 7390
1319 4159712 621
1320 4160333 3613
1321 4163946 7004
1322 4170950 1857
1323 4172807 918
1324 4173725 202
1325 4173927 4952
1326 4178879 620
1327 4179499 615
1328 4180114 1710
1329 4181824 649
1330 4182473 3292
1331 4185765 2040
1332 4187805 3302
1333 4191107 511
1334 4191618 4348
1335 4195966 4404
1336 4200370 6703
1337 4207073 233
1338 4207306 2578
1339 4209884 176
1340 4210060 4218
1341 4214278 640
1342 4214918 3445
1343 4218363 641
1344 4219004 2524
1345 4221528 12847
1346 4234375 620
1347 4234995 5320
1348 4240315 4812
1349 4245127 6996
1350 4252123 632
1351 4252755 1090
1352 4253845 6518
1353 4260363 5943
1354 4266306 613
1355 4266919 224
1356 4267143 623
1357 4267766 172
1358 4267938 656
1359 4268594 656
1360 4269250 655
1361 4269905 623
1362 4270528 634
1363 4271162 615
1364 4271777 639
1365 4272416 4153
1366 4276569 2668
1367 4279237 3337
1368 4282574 1624
1369 4284198 737
1370 4284935 4801
1371 4289736 675
1372 4290411 642
1373 4291053 11223
1374 4302276 8192
1375 4310468 2221
1376 4312689 2454
1377 4315143 7539
1378 4322682 6967
1379 4329649 2616
1380 4332265 673
1381 4332938 629
1382 4333567 628
1383 4334195 15908
1384 4350103 607
1385 4350710 675
1386 4351385 4822
1387 4356207 704
1388 4356911 6073
1389 4362984 38563
1390 4401547 651
1391 4402198 4314
1392 4406512 629
1393 4407141 627
1394 4407768 5550
1395 4413318 689
1396 4414007 652
1397 4414659 3948
1398 4418607 623
1399 4419230 655
1400 4419885 1878
1401 4421763 649
1402 4422412 3529
1403 4425941 9621
1404 4435562 630
1405 4436192 1853
1406 4438045 2645
1407 4440690 161
1408 4440851 170
1409 4441021 2281
1410 4443302 3820
1411 4447122 7552
1412 4454674 366
1413 4455040 3187
1414 4458227 2071
1415 4460298 629
1416 4460927 2510
1417 4463437 4877
1418 4468314 4320
1419 4472634 630
1420 4473264 655
1421 4473919 2929
1422 4476848 2485
1423 4479333 2061
1424 4481394 3286
1425 4484680 1244
1426 4485924 2955
1427 4488879 1252
1428 4490131 2300
1429 4492431 2319
1430 4494750 2120
1431 4496870 631
1432 4497501 3568
1433 4501069 2959
1434 4504028 700
1435 4504728 4325
1436 4509053 4147
1437 4513200 2019
1438 4515219 191
1439 4515410 9947
1440 4525357 649
1441 4526006 6885
1442 4532891 655
1443 4533546 2489
1444 4536035 519
1445 4536554 4427
1446 4540981 1317
1447 4542298 603
1448 4542901 610
1449 4543511 5780
1450 4549291 631
1451 4549922 2578
1452 4552500 616
1453 4553116 6567
1454 4559683 677
1455 4560360 674
1456 4561034 1939
1457 4562973 2614
1458 4565587 4422
1459 4570009 666
1460 4570675 4712
1461 4575387 617
1462 4576004 665
1463 4576669 649
1464 4577318 1206
1465 4578524 642
1466 4579166 7330
1467 4586496 232
1468 4586728 3887
1469 4590615 2133
1470 4592748 2120
1471 4594868 169
1472 4595037 14600
1473 4609637 913
1474 4610550 721
1475 4611271 724
1476 4611995 649
1477 4612644 2896
1478 4615540 677
1479 4616217 3780
1480 4619997 2397
1481 4622394 3395
1482 4625789 676
1483 4626465 9067
1484 4635532 8011
1485 4643543 1956
1486 4645499 2618
1487 4648117 1775
1488 4649892 775
1489 4650667 935
1490 4651602 4024
1491 4655626 4431
1492 4660057 5562
1493 4665619 8270
1494 4673889 780
1495 4674669 12951
1496 4687620 7201
1497 4694821 2169
1498 4696990 9902
1499 4706892 1353
1500 4708245 3282
1501 4711527 4721
1502 4716248 4035
1503 4720283 1126
1504 4721409 913
1505 4722322 11012
1506 4733334 2245
1507 4735579 1999
1508 4737578 6901
1509 4744479 6792
1510 4751271 6584
1511 4757855 251
1512 4758106 6314
1513 4764420 5472
1514 4769892 5461
1515 4775353 1060
1516 4776413 6309
1517 4782722 3757
1518 4786479 5374
1519 4791853 2728
1520 4794581 616
1521 4795197 1085
1522 4796282 1794
1523 4798076 9787
1524 4807863 8843
1525 4816706 4562
1526 4821268 6280
1527 4827548 1709
1528 4829257 5815
1529 4835072 3349
1530 4838421 8614
1531 4847035 4691
1532 4851726 190
1533 4851916 604
1534 4852520 596
1535 4853116 3623
1536 4856739 2501
1537 4859240 2144
1538 4861384 2003
1539 4863387 7234
1540 4870621 620
1541 4871241 655
1542 4871896 625
1543 4872521 10030
1544 4882551 1850
1545 4884401 627
1546 4885028 3084
1547 4888112 1501
1548 4889613 652
1549 4890265 2296
1550 4892561 9744
1551 4902305 7434
1552 4909739 9533
1553 4919272 9363
1554 4928635 2903
1555 4931538 665
1556 4932203 1131
1557 4933334 2728
1558 4936062 20077
1559 4956139 2368
1560 4958507 1065
1561 4959572 662
1562 4960234 1894
1563 4962128 2033
1564 4964161 520
1565 4964681 1145
1566 4965826 5756
1567 4971582 651
1568 4972233 2686
1569 4974919 2215
1570 4977134 8214
1571 4985348 7995
1572 4993343 1170
1573 4994513 2572
1574 4997085 629
1575 4997714 622
1576 4998336 620
1577 4998956 3232
1578 5002188 3805
1579 5005993 3309
1580 5009302 5350
1581 5014652 1797
1582 5016449 7358
1583 5023807 1368
1584 5025175 3184
1585 5028359 677
1586 5029036 1015
1587 5030051 166
1588 5030217 745
1589 5030962 5945
1590 5036907 599
1591 5037506 3966
1592 5041472 2042
1593 5043514 4579
1594 5048093 5458
1595 5053551 606
1596 5054157 13731
1597 5067888 1289
1598 5069177 9765
1599 5078942 2765
1600 5081707 3387
1601 5085094 2359
1602 5087453 675
1603 5088128 2943
1604 5091071 3481
1605 5094552 6467
1606 5101019 5283
1607 5106302 1525
1608 5107827 2590
1609 5110417 664
1610 5111081 2493
1611 5113574 619
1612 5114193 2367
1613 5116560 2124
1614 5118684 5343
1615 5124027 2166
1616 5126193 2132
1617 5128325 656
1618 5128981 676
1619 5129657 1319
1620 5130976 2070
1621 5133046 2345
1622 5135391 1641
1623 5137032 3264
1624 5140296 1027
1625 5141323 899
1626 5142222 2319
1627 5144541 3817
1628 5148358 3791
1629 5152149 3444
1630 5155593 1375
1631 5156968 7937
1632 5164905 3809
1633 5168714 3791
1634 5172505 208
1635 5172713 2488
1636 5175201 2833
1637 5178034 4837
1638 5182871 17867
1639 5200738 1852
1640 5202590 648
1641 5203238 2027
1642 5205265 4880
1643 5210145 1397
1644 5211542 2683
1645 5214225 620
1646 5214845 5977
1647 5220822 2988
1648 5223810 1557
1649 5225367 15710
1650 5241077 15565
1651 5256642 5795
1652 5262437 1326
1653 5263763 4691
1654 5268454 1724
1655 5270178 2501
1656 5272679 13734
1657 5286413 204
1658 5286617 618
1659 5287235 1451
1660 5288686 627
1661 5289313 2632
1662 5291945 825
1663 5292770 15316
1664 5308086 4723
1665 5312809 1857
1666 5314666 3012
1667 5317678 624
1668 5318302 7285
1669 5325587 603
1670 5326190 2226
1671 5328416 2704
1672 5331120 5004
1673 5336124 2584
1674 5338708 9515
1675 5348223 6880
1676 5355103 585
1677 5355688 1231
1678 5356919 4370
1679 5361289 608
1680 5361897 7606
1681 5369503 1140
1682 5370643 200
1683 5370843 184
1684 5371027 519
1685 5371546 2378
1686 5373924 198
1687 5374122 5230
1688 5379352 6352
1689 5385704 4010
1690 5389714 181
1691 5389895 7184
1692 5397079 7900
1693 5404979 2291
1694 5407270 3488
1695 5410758 1486
1696 5412244 22664
1697 5434908 628
1698 5435536 1302
1699 5436838 200
1700 5437038 609
1701 5437647 1692
1702 5439339 695
1703 5440034 155
1704 5440189 605
1705 5440794 1564
1706 5442358 3884
1707 5446242 3680
1708 5449922 1859
1709 5451781 551
1710 5452332 4933
1711 5457265 4395
1712 5461660 601
1713 5462261 601
1714 5462862 6977
1715 5469839 1776
1716 5471615 608
1717 5472223 614
1718 5472837 602
1719 5473439 605
1720 5474044 601
1721 5474645 3968
1722 5478613 637
1723 5479250 637
1724 5479887 1689
1725 5481576 628
1726 5482204 3671
1727 5485875 18348
1728 5504223 9124
1729 5513347 1790
1730 5515137 618
1731 5515755 185
1732 5515940 3820
1733 5519760 604
1734 5520364 180
1735 5520544 175
1736 5520719 2457
1737 5523176 4278
1738 5527454 640
1739 5528094 6293
1740 5534387 651
1741 5535038 2292
1742 5537330 1834
1743 5539164 615
1744 5539779 4012
1745 5543791 605
1746 5544396 7653
1747 5552049 644
1748 5552693 172
1749 5552865 649
1750 5553514 12833
1751 5566347 1547
1752 5567894 603
1753 5568497 2876
1754 5571373 6357
1755 5577730 1645
1756 5579375 1240
1757 5580615 417
1758 5581032 4917
1759 5585949 3165
1760 5589114 8056
1761 5597170 1871
1762 5599041 1394
1763 5600435 5410
1764 5605845 154
1765 5605999 1780
1766 5607779 4780
1767 5612559 1758
1768 5614317 3404
1769 5617721 1759
1770 5619480 4293
1771 5623773 996
1772 5624769 1918
1773 5626687 621
1774 5627308 2092
1775 5629400 2313
1776 5631713 3821
1777 5635534 2509
1778 5638043 6367
1779 5644410 611
1780 5645021 3114
1781 5648135 2018
1782 5650153 1588
1783 5651741 634
1784 5652375 7872
1785 5660247 6674
1786 5666921 2381
1787 5669302 3574
1788 5672876 2265
1789 5675141 623
1790 5675764 7589
1791 5683353 1153
1792 5684506 2386
1793 5686892 6838
1794 5693730 2250
1795 5695980 175
1796 5696155 6444
1797 5702599 690
1798 5703289 184
1799 5703473 621
1800 5704094 2231
1801 5706325 2135
1802 5708460 7690
1803 5716150 3628
1804 5719778 1537
1805 5721315 6674
1806 5727989 5305
1807 5733294 2406
1808 5735700 662
1809 5736362 1212
1810 5737574 4583
1811 5742157 2298
1812 5744455 4990
1813 5749445 8716
1814 5758161 3268
1815 5761429 1350
1816 5762779 2485
1817 5765264 615
1818 5765879 438
1819 5766317 1251
1820 5767568 1354
1821 5768922 811
1822 5769733 4429
1823 5774162 3497
1824 5777659 1335
1825 5778994 613
1826 5779607 2780
1827 5782387 2892
1828 5785279 867
1829 5786146 1608
1830 5787754 16380
1831 5804134 1632
1832 5805766 3119
1833 5808885 4929
1834 5813814 6486
1835 5820300 3488
1836 5823788 617
1837 5824405 9089
1838 5833494 9348
1839 5842842 8304
1840 5851146 3006
1841 5854152 2392
1842 5856544 1161
1843 5857705 3113
1844 5860818 2334
1845 5863152 606
1846 5863758 1597
1847 5865355 208
1848 5865563 606
1849 5866169 1133
1850 5867302 204
1851 5867506 182
1852 5867688 193
1853 5867881 3033
1854 5870914 640
1855 5871554 1171
1856 5872725 3754
1857 5876479 639
1858 5877118 661
1859 5877779 618
1860 5878397 480
1861 5878877 918
1862 5879795 3465
1863 5883260 1742
1864 5885002 9025
1865 5894027 609
1866 5894636 619
1867 5895255 613
1868 5895868 2417
1869 5898285 4507
1870 5902792 2518
1871 5905310 2497
1872 5907807 1904
1873 5909711 7177
1874 5916888 2493
1875 5919381 1413
1876 5920794 2310
1877 5923104 613
1878 5923717 2463
1879 5926180 5663
1880 5931843 3477
1881 5935320 644
1882 5935964 619
1883 5936583 7414
1884 5943997 4637
1885 5948634 1160
1886 5949794 5127
1887 5954921 648
1888 5955569 621
1889 5956190 620
1890 5956810 1174
1891 5957984 4144
1892 5962128 9734
1893 5971862 5092
1894 5976954 2645
1895 5979599 3878
1896 5983477 646
1897 5984123 1809
1898 5985932 631
1899 5986563 614
1900 5987177 8352
1901 5995529 1410
1902 5996939 632
1903 5997571 627
1904 5998198 678
1905 5998876 667
1906 5999543 1871
1907 6001414 5922
1908 6007336 5556
1909 6012892 1385
1910 6014277 175
1911 6014452 148
1912 6014600 1076
1913 6015676 1487
1914 6017163 614
1915 6017777 4145
1916 6021922 2887
1917 6024809 2851
1918 6027660 6310
1919 6033970 188
1920 6034158 1407
1921 6035565 2452
1922 6038017 9193
1923 6047210 7305
1924 6054515 5813
1925 6060328 2122
1926 6062450 204
1927 6062654 623
1928 6063277 1083
1929 6064360 17715
1930 6082075 12976
1931 6095051 1094
1932 6096145 632
1933 6096777 501
1934 6097278 1315
1935 6098593 650
1936 6099243 1899
1937 6101142 5876
1938 6107018 4018
1939 6111036 7620
1940 6118656 624
1941 6119280 3664
1942 6122944 2208
1943 6125152 900
1944 6126052 1177
1945 6127229 689
1946 6127918 2514
1947 6130432 913
1948 6131345 1736
1949 6133081 672
1950 6133753 960
1951 6134713 649
1952 6135362 674
1953 6136036 7439
1954 6143475 709
1955 6144184 628
1956 6144812 3190
1957 6148002 627
1958 6148629 609
1959 6149238 1271
1960 6150509 3204
1961 6153713 3068
1962 6156781 675
1963 6157456 4821
1964 6162277 532
1965 6162809 5398
1966 6168207 668
1967 6168875 2677
1968 6171552 6017
1969 6177569 198
1970 6177767 611
1971 6178378 2065
1972 6180443 1799
1973 6182242 9043
1974 6191285 638
1975 6191923 3376
1976 6195299 4243
1977 6199542 4684
1978 6204226 1344
1979 6205570 148
1980 6205718 8935
1981 6214653 629
1982 6215282 6721
1983 6222003 3861
1984 6225864 13297
1985 6239161 4737
1986 6243898 3358
1987 6247256 3875
1988 6251131 5435
1989 6256566 3525
1990 6260091 2809
1991 6262900 7528
1992 6270428 4052
1993 6274480 1099
1994 6275579 2749
1995 6278328 2186
1996 6280514 619
1997 6281133 1773
1998 6282906 921
1999 6283827 4537
2000 6288364 615
2001 6288979 3266
2002 6292245 4098
2003 6296343 6562
2004 6302905 937
2005 6303842 2181
2006 6306023 13384
2007 6319407 614
2008 6320021 618
2009 6320639 965
2010 6321604 1797
2011 6323401 1087
2012 6324488 1978
2013 6326466 4809
2014 6331275 3082
2015 6334357 1013
2016 6335370 707
2017 6336077 2582
2018 6338659 985
2019 6339644 6071
2020 6345715 1028
2021 6346743 5742
2022 6352485 1452
2023 6353937 4752
2024 6358689 3073
2025 6361762 2293
2026 6364055 2256
2027 6366311 1565
2028 6367876 5254
2029 6373130 4231
2030 6377361 1480
2031 6378841 1620
2032 6380461 1674
2033 6382135 1693
2034 6383828 2201
2035 6386029 1630
2036 6387659 5303
2037 6392962 4530
2038 6397492 676
2039 6398168 8189
2040 6406357 2096
2041 6408453 670
2042 6409123 4481
2043 6413604 788
2044 6414392 175
2045 6414567 2636
2046 6417203 5234
2047 6422437 6790
2048 6429227 618
2049 6429845 1190
2050 6431035 1918
2051 6432953 648
2052 6433601 770
2053 6434371 10188
2054 6444559 174
2055 6444733 2942
2056 6447675 3384
2057 6451059 1651
2058 6452710 6707
2059 6459417 887
2060 6460304 7263
2061 6467567 1310
2062 6468877 4314
2063 6473191 668
2064 6473859 5877
2065 6479736 2754
2066 6482490 11621
2067 6494111 2533
2068 6496644 2055
2069 6498699 3026
2070 6501725 641
2071 6502366 16208
2072 6518574 846
2073 6519420 1779
2074 6521199 3752
2075 6524951 11696
2076 6536647 703
2077 6537350 3357
2078 6540707 2167
2079 6542874 2538
2080 6545412 621
2081 6546033 2125
2082 6548158 3496
2083 6551654 1199
2084 6552853 2873
2085 6555726 1378
2086 6557104 4654
2087 6561758 2443
2088 6564201 2367
2089 6566568 8183
2090 6574751 664
2091 6575415 3394
2092 6578809 3319
2093 6582128 1353
2094 6583481 8286
2095 6591767 646
2096 6592413 5749
2097 6598162 3249
2098 6601411 215
2099 6601626 621
2100 6602247 2790
2101 6605037 7120
2102 6612157 7737
2103 6619894 619
2104 6620513 1175
2105 6621688 2596
2106 6624284 897
2107 6625181 7576
2108 6632757 2896
2109 6635653 1085
2110 6636738 3428
2111 6640166 882
2112 6641048 662
2113 6641710 667
2114 6642377 4243
2115 6646620 4230
2116 6650850 1163
2117 6652013 3668
2118 6655681 4049
2119 6659730 958
2120 6660688 2060
2121 6662748 4239
2122 6666987 649
2123 6667636 617
2124 6668253 2547
2125 6670800 1863
2126 6672663 10960
2127 6683623 1195
2128 6684818 5527
2129 6690345 11589
2130 6701934 3702
2131 6705636 720
2132 6706356 6780
2133 6713136 643
2134 6713779 201
2135 6713980 1655
2136 6715635 2695
2137 6718330 3913
2138 6722243 787
2139 6723030 2517
2140 6725547 1019
2141 6726566 1351
2142 6727917 636
2143 6728553 1761
2144 6730314 224
2145 6730538 2048
2146 6732586 2039
2147 6734625 530
2148 6735155 641
2149 6735796 4585
2150 6740381 1114
2151 6741495 3243
2152 6744738 174
2153 6744912 8400
2154 6753312 3661
2155 6756973 1274
2156 6758247 693
2157 6758940 647
2158 6759587 4194
2159 6763781 5339
2160 6769120 2198
2161 6771318 582
2162 6771900 5683
2163 6777583 19808
2164 6797391 203
2165 6797594 5668
2166 6803262 3522
2167 6806784 613
2168 6807397 644
2169 6808041 6733
2170 6814774 3579
2171 6818353 1493
2172 6819846 4321
2173 6824167 3035
2174 6827202 206
2175 6827408 2992
2176 6830400 2082
2177 6832482 1974
2178 6834456 3085
2179 6837541 8795
2180 6846336 2113
2181 6848449 1868
2182 6850317 9097
2183 6859414 4934
2184 6864348 220
2185 6864568 1327
2186 6865895 2029
2187 6867924 3903
2188 6871827 1494
2189 6873321 201
2190 6873522 182
2191 6873704 1571
2192 6875275 706
2193 6875981 653
2194 6876634 678
2195 6877312 4489
2196 6881801 8800
2197 6890601 1239
2198 6891840 623
2199 6892463 220
2200 6892683 6285
2201 6898968 667
2202 6899635 4831
2203 6904466 182
2204 6904648 5427
2205 6910075 3380
2206 6913455 1441
2207 6914896 217
2208 6915113 221
2209 6915334 218
2210 6915552 2199
2211 6917751 737
2212 6918488 2426
2213 6920914 204
2214 6921118 9521
2215 6930639 2966
2216 6933605 1682
2217 6935287 5478
2218 6940765 724
2219 6941489 8724
2220 6950213 4364
2221 6954577 8475
2222 6963052 6359
2223 6969411 654
2224 6970065 1283
2225 6971348 1479
2226 6972827 2190
2227 6975017 2354
2228 6977371 1674
2229 6979045 2603
2230 6981648 5284
2231 6986932 6489
2232 6993421 636
2233 6994057 3905
2234 6997962 216
2235 6998178 1231
2236 6999409 212
2237 6999621 4140
2238 7003761 2486
2239 7006247 191
2240 7006438 1671
2241 7008109 348
2242 7008457 3326
2243 7011783 4392
2244 7016175 781
2245 7016956 643
2246 7017599 4078
2247 7021677 3769
2248 7025446 4781
2249 7030227 453
2250 7030680 849
2251 7031529 1554
2252 7033083 669
2253 7033752 1822
2254 7035574 3669
2255 7039243 2863
2256 7042106 1295
2257 7043401 2292
2258 7045693 249
2259 7045942 539
2260 7046481 3853
2261 7050334 8018
2262 7058352 1095
2263 7059447 12211
2264 7071658 5195
2265 7076853 4359
2266 7081212 14645
2267 7095857 4388
2268 7100245 9761
2269 7110006 901
2270 7110907 1291
2271 7112198 3034
2272 7115232 12424
2273 7127656 179
2274 7127835 1376
2275 7129211 2224
2276 7131435 1240
2277 7132675 4048
2278 7136723 6463
2279 7143186 666
2280 7143852 413
2281 7144265 4495
2282 7148760 6752
2283 7155512 1830
2284 7157342 4279
2285 7161621 985
2286 7162606 2609
2287 7165215 9203
2288 7174418 9959
2289 7184377 467
2290 7184844 639
2291 7185483 2925
2292 7188408 621
2293 7189029 5353
2294 7194382 8824
2295 7203206 19018
2296 7222224 5059
2297 7227283 4353
2298 7231636 650
2299 7232286 2528
2300 7234814 925
2301 7235739 675
2302 7236414 3110
2303 7239524 13139
2304 7252663 1337
2305 7254000 7687
2306 7261687 3674
2307 7265361 3021
2308 7268382 1914
2309 7270296 765
2310 7271061 5148
2311 7276209 2966
2312 7279175 1858
2313 7281033 1747
2314 7282780 4088
2315 7286868 1676
2316 7288544 616
2317 7289160 4201
2318 7293361 7317
2319 7300678 174
2320 7300852 4803
2321 7305655 4842
2322 7310497 4815
2323 7315312 4192
2324 7319504 648
2325 7320152 955
2326 7321107 2958
2327 7324065 1728
2328 7325793 1759
2329 7327552 849
2330 7328401 3979
2331 7332380 5688
2332 7338068 4055
2333 7342123 620
2334 7342743 628
2335 7343371 8629
2336 7352000 356
2337 7352356 1829
2338 7354185 7090
2339 7361275 12588
2340 7373863 664
2341 7374527 1211
2342 7375738 620
2343 7376358 6490
2344 7382848 622
2345 7383470 671
2346 7384141 10136
2347 7394277 209
2348 7394486 585
2349 7395071 2877
2350 7397948 2480
2351 7400428 4052
2352 7404480 654
2353 7405134 3244
2354 7408378 2997
2355 7411375 976
2356 7412351 15996
2357 7428347 3660
2358 7432007 1768
2359 7433775 1769
2360 7435544 8771
2361 7444315 1303
2362 7445618 3998
2363 7449616 6276
2364 7455892 4997
2365 7460889 645
2366 7461534 190
2367 7461724 659
2368 7462383 439
2369 7462822 2311
2370 7465133 693
2371 7465826 3636
2372 7469462 657
2373 7470119 4930
2374 7475049 3959
2375 7479008 3275
2376 7482283 2699
2377 7484982 180
2378 7485162 618
2379 7485780 3640
2380 7489420 199
2381 7489619 173
2382 7489792 8305
2383 7498097 2815
2384 7500912 7686
2385 7508598 5678
2386 7514276 654
2387 7514930 2651
2388 7517581 4680
2389 7522261 4031
2390 7526292 4955
2391 7531247 1568
2392 7532815 704
2393 7533519 1882
2394 7535401 944
2395 7536345 627
2396 7536972 7050
2397 7544022 186
2398 7544208 679
2399 7544887 663
2400 7545550 1506
2401 7547056 195
2402 7547251 8743
2403 7555994 3370
2404 7559364 200
2405 7559564 2432
2406 7561996 2274
2407 7564270 1665
2408 7565935 1505
2409 7567440 1273
2410 7568713 1947
2411 7570660 1345
2412 7572005 1843
2413 7573848 203
2414 7574051 1167
2415 7575218 1731
2416 7576949 9538
2417 7586487 5247
2418 7591734 3813
2419 7595547 3472
2420 7599019 1389
2421 7600408 585
2422 7600993 6295
2423 7607288 679
2424 7607967 636
2425 7608603 657
2426 7609260 20137
2427 7629397 185
2428 7629582 2410
2429 7631992 1611
2430 7633603 30920
2431 7664523 631
2432 7665154 645
2433 7665799 1132
2434 7666931 2518
2435 7669449 676
2436 7670125 647
2437 7670772 2196
2438 7672968 2151
2439 7675119 5923
2440 7681042 3683
2441 7684725 8155
2442 7692880 10810
2443 7703690 2349
2444 7706039 2361
2445 7708400 648
2446 7709048 13732
2447 7722780 3225
2448 7726005 7074
2449 7733079 2390
2450 7735469 185
2451 7735654 1558
2452 7737212 4713
2453 7741925 1377
2454 7743302 649
2455 7743951 657
2456 7744608 6336
2457 7750944 656
2458 7751600 3637
2459 7755237 2846
2460 7758083 637
2461 7758720 2549
2462 7761269 5307
2463 7766576 451
2464 7767027 521
2465 7767548 8276
2466 7775824 7607
2467 7783431 1590
2468 7785021 1265
2469 7786286 698
2470 7786984 2256
2471 7789240 4994
2472 7794234 3104
2473 7797338 3689
2474 7801027 483
2475 7801510 654
2476 7802164 2866
2477 7805030 3559
2478 7808589 980
2479 7809569 2097
2480 7811666 2354
2481 7814020 8131
2482 7822151 654
2483 7822805 4317
2484 7827122 18033
2485 7845155 1926
2486 7847081 1892
2487 7848973 15848
2488 7864821 475
2489 7865296 679
2490 7865975 2448
2491 7868423 6588
2492 7875011 1696
2493 7876707 646
2494 7877353 1050
2495 7878403 1417
2496 7879820 1370
2497 7881190 654
2498 7881844 2502
2499 7884346 2584
2500 7886930 159
2501 7887089 678
2502 7887767 1819
2503 7889586 7410
2504 7896996 1741
2505 7898737 2068
2506 7900805 783
2507 7901588 636
2508 7902224 217
2509 7902441 1777
2510 7904218 3340
2511 7907558 2948
2512 7910506 857
2513 7911363 3302
2514 7914665 677
2515 7915342 678
2516 7916020 678
2517 7916698 2384
2518 7919082 3463
2519 7922545 1647
2520 7924192 6349
2521 7930541 680
2522 7931221 4475
2523 7935696 5412
2524 7941108 5543
2525 7946651 1964
2526 7948615 1891
2527 7950506 9058
2528 7959564 3063
2529 7962627 4047
2530 7966674 3408
2531 7970082 1522
2532 7971604 635
2533 7972239 1074
2534 7973313 1486
2535 7974799 1143
2536 7975942 855
2537 7976797 3117
2538 7979914 2719
2539 7982633 205
2540 7982838 677
2541 7983515 1820
2542 7985335 1935
2543 7987270 3509
2544 7990779 3123
2545 7993902 15707
2546 8009609 25794
2547 8035403 6013
2548 8041416 3041
2549 8044457 203
2550 8044660 600
2551 8045260 4179
2552 8049439 469
2553 8049908 654
2554 8050562 9087
2555 8059649 1281
2556 8060930 1163
2557 8062093 2433
2558 8064526 3725
2559 8068251 2349
2560 8070600 3352
2561 8073952 1602
2562 8075554 5432
2563 8080986 1669
2564 8082655 1900
2565 8084555 6148
2566 8090703 304
2567 8091007 1430
2568 8092437 4185
2569 8096622 5264
2570 8101886 2242
2571 8104128 1521
2572 8105649 1575
2573 8107224 649
2574 8107873 2764
2575 8110637 1494
2576 8112131 2981
2577 8115112 2321
2578 8117433 1103
2579 8118536 3641
2580 8122177 2552
2581 8124729 778
2582 8125507 3223
2583 8128730 3076
2584 8131806 2711
2585 8134517 1511
2586 8136028 2875
2587 8138903 1623
2588 8140526 1891
2589 8142417 1655
2590 8144072 240
2591 8144312 8753
2592 8153065 2230
2593 8155295 1957
2594 8157252 4165
2595 8161417 704
2596 8162121 3299
2597 8165420 3078
2598 8168498 1542
2599 8170040 1304
2600 8171344 179
2601 8171523 1365
2602 8172888 642
2603 8173530 7260
2604 8180790 4473
2605 8185263 619
2606 8185882 1831
2607 8187713 1691
2608 8189404 2696
2609 8192100 2797
2610 8194897 1458
2611 8196355 4219
2612 8200574 2485
2613 8203059 13749
2614 8216808 1316
2615 8218124 270
2616 8218394 3885
2617 8222279 800
2618 8223079 1716
2619 8224795 4434
2620 8229229 3036
2621 8232265 163
2622 8232428 2478
2623 8234906 4163
2624 8239069 1095
2625 8240164 705
2626 8240869 1733
2627 8242602 1233
2628 8243835 3016
2629 8246851 3454
2630 8250305 963
2631 8251268 2081
2632 8253349 173
2633 8253522 2513
2634 8256035 659
2635 8256694 2134
2636 8258828 161
2637 8258989 2677
2638 8261666 9852
2639 8271518 657
2640 8272175 9628
2641 8281803 18364
2642 8300167 191
2643 8300358 663
2644 8301021 195
2645 8301216 4572
2646 8305788 5874
2647 8311662 982
2648 8312644 644
2649 8313288 173
2650 8313461 4441
2651 8317902 3021
2652 8320923 1540
2653 8322463 1482
2654 8323945 7945
2655 8331890 624
2656 8332514 2756
2657 8335270 3783
2658 8339053 666
2659 8339719 2668
2660 8342387 1101
2661 8343488 6951
2662 8350439 618
2663 8351057 2843
2664 8353900 2064
2665 8355964 324
2666 8356288 3412
2667 8359700 12886
2668 8372586 14600
2669 8387186 707
2670 8387893 9449
2671 8397342 845
2672 8398187 9400
2673 8407587 1463
2674 8409050 669
2675 8409719 173
2676 8409892 7061
2677 8416953 2047
2678 8419000 619
2679 8419619 5444
2680 8425063 805
2681 8425868 1976
2682 8427844 305
2683 8428149 304
2684 8428453 567
2685 8429020 2152
2686 8431172 212
2687 8431384 789
2688 8432173 182
2689 8432355 191
2690 8432546 2813
2691 8435359 515
2692 8435874 2459
2693 8438333 628
2694 8438961 627
2695 8439588 3794
2696 8443382 8105
2697 8451487 218
2698 8451705 2607
2699 8454312 2650
2700 8456962 3605
2701 8460567 3145
2702 8463712 3132
2703 8466844 2610
2704 8469454 2674
2705 8472128 204
2706 8472332 7002
2707 8479334 1076
2708 8480410 7001
2709 8487411 2124
2710 8489535 3499
2711 8493034 2561
2712 8495595 734
2713 8496329 6410
2714 8502739 1142
2715 8503881 11566
2716 8515447 4217
2717 8519664 1239
2718 8520903 3302
2719 8524205 1949
2720 8526154 3969
2721 8530123 1611
2722 8531734 3775
2723 8535509 2661
2724 8538170 8856
2725 8547026 2464
2726 8549490 3804
2727 8553294 2741
2728 8556035 6687
2729 8562722 2701
2730 8565423 2612
2731 8568035 195
2732 8568230 3063
2733 8571293 3556
2734 8574849 11527
2735 8586376 2559
2736 8588935 680
2737 8589615 2454
2738 8592069 10993
2739 8603062 2089
2740 8605151 6043
2741 8611194 1922
2742 8613116 4030
2743 8617146 3387
2744 8620533 4581
2745 8625114 4740
2746 8629854 20273
2747 8650127 3593
2748 8653720 1869
2749 8655589 6369
2750 8661958 1955
2751 8663913 2274
2752 8666187 3006
2753 8669193 2086
2754 8671279 5464
2755 8676743 1473
2756 8678216 696
2757 8678912 10156
2758 8689068 4448
2759 8693516 2579
2760 8696095 1643
2761 8697738 30035
2762 8727773 615
2763 8728388 4795
2764 8733183 6488
2765 8739671 4949
2766 8744620 2936
2767 8747556 4984
2768 8752540 1288
2769 8753828 7707
2770 8761535 2652
2771 8764187 3882
2772 8768069 1743
2773 8769812 2076
2774 8771888 8582
2775 8780470 2050
2776 8782520 3827
2777 8786347 16444
2778 8802791 4126
2779 8806917 641
2780 8807558 3641
2781 8811199 3986
2782 8815185 3923
2783 8819108 640
2784 8819748 5874
2785 8825622 968
2786 8826590 633
2787 8827223 2852
2788 8830075 5795
2789 8835870 7971
2790 8843841 23248
2791 8867089 6221
2792 8873310 13623
2793 8886933 7215
2794 8894148 2429
2795 8896577 11637
2796 8908214 1783
2797 8909997 3551
2798 8913548 1257
2799 8914805 733
2800 8915538 4992
2801 8920530 5767
2802 8926297 201
2803 8926498 3157
2804 8929655 4071
2805 8933726 2311
2806 8936037 2890
2807 8938927 4801
2808 8943728 5459
2809 8949187 3361
2810 8952548 7003
2811 8959551 15272
2812 8974823 2890
2813 8977713 5116
2814 8982829 1137
2815 8983966 1053
2816 8985019 840
2817 8985859 2070
2818 8987929 3229
2819 8991158 4300
2820 8995458 680
2821 8996138 652
2822 8996790 652
2823 8997442 656
2824 8998098 653
2825 8998751 653
2826 8999404 654
2827 9000058 2990
2828 9003048 650
2829 9003698 2004
2830 9005702 4622
2831 9010324 4569
2832 9014893 3403
2833 9018296 4298
2834 9022594 11338
2835 9033932 5450
2836 9039382 1048
2837 9040430 2616
2838 9043046 1996
2839 9045042 4068
2840 9049110 2758
2841 9051868 1702
2842 9053570 474
2843 9054044 4680
2844 9058724 4304
2845 9063028 2871
2846 9065899 1839
2847 9067738 5681
2848 9073419 3918
2849 9077337 637
2850 9077974 1044
2851 9079018 8069
2852 9087087 615
2853 9087702 971
2854 9088673 1391
2855 9090064 7693
2856 9097757 173
2857 9097930 1348
2858 9099278 2820
2859 9102098 2943
2860 9105041 4120
2861 9109161 1480
2862 9110641 3706
2863 9114347 3671
2864 9118018 615
2865 9118633 4218
2866 9122851 585
2867 9123436 1511
2868 9124947 1496
2869 9126443 3090
2870 9129533 11281
2871 9140814 1610
2872 9142424 1157
2873 9143581 5659
2874 9149240 1017
2875 9150257 8563
2876 9158820 3801
2877 9162621 656
2878 9163277 1595
2879 9164872 3943
2880 9168815 1292
2881 9170107 2160
2882 9172267 823
2883 9173090 2152
2884 9175242 4232
2885 9179474 684
2886 9180158 680
2887 9180838 17036
2888 9197874 5800
2889 9203674 684
2890 9204358 2204
2891 9206562 4565
2892 9211127 2232
2893 9213359 2818
2894 9216177 839
2895 9217016 638
2896 9217654 1617
2897 9219271 2964
2898 9222235 2547
2899 9224782 1360
2900 9226142 1839
2901 9227981 3610
2902 9231591 3985
2903 9235576 14773
2904 9250349 673
2905 9251022 4254
2906 9255276 2428
2907 9257704 485
2908 9258189 4297
2909 9262486 3044
2910 9265530 3698
2911 9269228 1283
2912 9270511 2822
2913 9273333 3506
2914 9276839 5562
2915 9282401 640
2916 9283041 2137
2917 9285178 6468
2918 9291646 2850
2919 9294496 4386
2920 9298882 2420
2921 9301302 3035
2922 9304337 5076
2923 9309413 1691
2924 9311104 3406
2925 9314510 638
2926 9315148 662
2927 9315810 7684
2928 9323494 3332
2929 9326826 648
2930 9327474 2422
2931 9329896 4452
2932 9334348 3520
2933 9337868 1065
2934 9338933 1481
2935 9340414 1838
2936 9342252 2528
2937 9344780 529
2938 9345309 1465
2939 9346774 2302
2940 9349076 2784
2941 9351860 2780
2942 9354640 7924
2943 9362564 1419
2944 9363983 3152
2945 9367135 3744
2946 9370879 3385
2947 9374264 10261
2948 9384525 4775
2949 9389300 7287
2950 9396587 5268
2951 9401855 6410
2952 9408265 2350
2953 9410615 2279
2954 9412894 6772
2955 9419666 5187
2956 9424853 2032
2957 9426885 3791
2958 9430676 3157
2959 9433833 8490
2960 9442323 710
2961 9443033 1914
2962 9444947 1738
2963 9446685 3383
2964 9450068 621
2965 9450689 4655
2966 9455344 2389
2967 9457733 1849
2968 9459582 3542
2969 9463124 2150
2970 9465274 674
2971 9465948 9679
2972 9475627 7145
2973 9482772 6246
2974 9489018 2462
2975 9491480 5436
2976 9496916 6351
2977 9503267 13783
2978 9517050 194
2979 9517244 3488
2980 9520732 25782
2981 9546514 3017
2982 9549531 4657
2983 9554188 3266
2984 9557454 8116
2985 9565570 3412
2986 9568982 198
2987 9569180 5730
2988 9574910 629
2989 9575539 8950
2990 9584489 1644
2991 9586133 2039
2992 9588172 1314
2993 9589486 2924
2994 9592410 5393
2995 9597803 19535
2996 9617338 3749
2997 9621087 1829
2998 9622916 1392
2999 9624308 213
3000 9624521 1627
3001 9626148 9615
3002 9635763 4410
3003 9640173 176
3004 9640349 4985
3005 9645334 178
3006 9645512 3582
3007 9649094 3099
3008 9652193 10125
3009 9662318 12267
3010 9674585 4554
3011 9679139 11470
3012 9690609 640
3013 9691249 2382
3014 9693631 2320
3015 9695951 176
3016 9696127 1333
3017 9697460 4305
3018 9701765 2823
3019 9704588 4185
3020 9708773 6811
3021 9715584 210
3022 9715794 206
3023 9716000 2481
3024 9718481 5488
3025 9723969 1536
3026 9725505 503
3027 9726008 2955
3028 9728963 2100
3029 9731063 941
3030 9732004 9652
3031 9741656 5601
3032 9747257 7671
3033 9754928 19447
3034 9774375 5069
3035 9779444 646
3036 9780090 1601
3037 9781691 725
3038 9782416 2512
3039 9784928 266
3040 9785194 4603
3041 9789797 222
3042 9790019 4058
3043 9794077 198
3044 9794275 653
3045 9794928 659
3046 9795587 2808
3047 9798395 4843
3048 9803238 3550
3049 9806788 212
3050 9807000 6342
3051 9813342 3738
3052 9817080 4381
3053 9821461 619
3054 9822080 203
3055 9822283 682
3056 9822965 861
3057 9823826 2140
3058 9825966 213
3059 9826179 197
3060 9826376 1336
3061 9827712 5074
3062 9832786 529
3063 9833315 4621
3064 9837936 1918
3065 9839854 657
3066 9840511 3960
3067 9844471 659
3068 9845130 6296
3069 9851426 7394
3070 9858820 1735
3071 9860555 28623
3072 9889178 1513
3073 9890691 223
3074 9890914 3463
3075 9894377 618
3076 9894995 2932
3077 9897927 2691
3078 9900618 1619
3079 9902237 155
3080 9902392 2113
3081 9904505 161
3082 9904666 7697
3083 9912363 3237
3084 9915600 7881
3085 9923481 4042
3086 9927523 3831
3087 9931354 1968
3088 9933322 616
3089 9933938 1345
3090 9935283 6465
3091 9941748 2173
3092 9943921 659
3093 9944580 1551
3094 9946131 188
3095 9946319 604
3096 9946923 4675
3097 9951598 18933
3098 9970531 2955
3099 9973486 2463
3100 9975949 888
3101 9976837 1859
3102 9978696 7527
3103 9986223 3999
3104 9990222 2777
3105 9992999 176
3106 9993175 5945
3107 9999120 2419
3108 10001539 191
3109 10001730 4294
3110 10006024 12266
3111 10018290 4446
3112 10022736 4274
3113 10027010 608
3114 10027618 217
3115 10027835 26079
3116 10053914 3142
3117 10057056 215
3118 10057271 3342
3119 10060613 14968
3120 10075581 4684
3121 10080265 7280
3122 10087545 4029
3123 10091574 607
3124 10092181 423
3125 10092604 6407
3126 10099011 6210
3127 10105221 684
3128 10105905 2774
3129 10108679 2846
3130 10111525 216
3131 10111741 3704
3132 10115445 18579
3133 10134024 4053
3134 10138077 2403
3135 10140480 5946
3136 10146426 5089
3137 10151515 8495
3138 10160010 6205
3139 10166215 684
3140 10166899 5234
3141 10172133 4214
3142 10176347 613
3143 10176960 10536
3144 10187496 6932
3145 10194428 3178
3146 10197606 1133
3147 10198739 1947
3148 10200686 2273
3149 10202959 466
3150 10203425 1855
3151 10205280 693
3152 10205973 1141
3153 10207114 3634
3154 10210748 6072
3155 10216820 3623
3156 10220443 9904
3157 10230347 5815
3158 10236162 3476
3159 10239638 640
3160 10240278 6376
3161 10246654 1098
3162 10247752 3975
3163 10251727 6697
3164 10258424 2947
3165 10261371 5397
3166 10266768 5689
3167 10272457 1333
3168 10273790 201
3169 10273991 1263
3170 10275254 3126
3171 10278380 664
3172 10279044 1267
3173 10280311 675
3174 10280986 4237
3175 10285223 8948
3176 10294171 1648
3177 10295819 1528
3178 10297347 2883
3179 10300230 4591
3180 10304821 1480
3181 10306301 3697
3182 10309998 8950
3183 10318948 913
3184 10319861 1624
3185 10321485 8077
3186 10329562 2232
3187 10331794 461
3188 10332255 5068
3189 10337323 12561
3190 10349884 1638
3191 10351522 203
3192 10351725 154
3193 10351879 706
3194 10352585 760
3195 10353345 632
3196 10353977 8212
3197 10362189 3945
3198 10366134 649
3199 10366783 3913
3200 10370696 11003
3201 10381699 2618
3202 10384317 2487
3203 10386804 668
3204 10387472 5678
3205 10393150 4766
3206 10397916 1208
3207 10399124 632
3208 10399756 4150
3209 10403906 5342
3210 10409248 1990
3211 10411238 2791
3212 10414029 12835
3213 10426864 1588
3214 10428452 2199
3215 10430651 2181
3216 10432832 3469
3217 10436301 634
3218 10436935 7009
3219 10443944 10841
3220 10454785 558
3221 10455343 10793
3222 10466136 6328
3223 10472464 3309
3224 10475773 4716
3225 10480489 6995
3226 10487484 2954
3227 10490438 197
3228 10490635 6158
3229 10496793 6149
3230 10502942 615
3231 10503557 5503
3232 10509060 5286
3233 10514346 12127
3234 10526473 3407
3235 10529880 671
3236 10530551 2378
3237 10532929 1606
3238 10534535 216
3239 10534751 2091
3240 10536842 5359
3241 10542201 620
3242 10542821 620
3243 10543441 879
3244 10544320 2730
3245 10547050 623
3246 10547673 4450
3247 10552123 620
3248 10552743 7970
3249 10560713 180
3250 10560893 695
3251 10561588 217
3252 10561805 3429
3253 10565234 2522
3254 10567756 2862
3255 10570618 2759
3256 10573377 3101
3257 10576478 8183
3258 10584661 654
3259 10585315 3698
3260 10589013 5014
3261 10594027 615
3262 10594642 948
3263 10595590 499
3264 10596089 2136
3265 10598225 184
3266 10598409 3189
3267 10601598 1866
3268 10603464 2611
3269 10606075 649
3270 10606724 642
3271 10607366 19350
3272 10626716 646
3273 10627362 707
3274 10628069 7820
3275 10635889 9690
3276 10645579 2332
3277 10647911 634
3278 10648545 1271
3279 10649816 644
3280 10650460 644
3281 10651104 4377
3282 10655481 197
3283 10655678 173
3284 10655851 620
3285 10656471 212
3286 10656683 3484
3287 10660167 3385
3288 10663552 4178
3289 10667730 3866
3290 10671596 3047
3291 10674643 623
3292 10675266 3476
3293 10678742 2799
3294 10681541 669
3295 10682210 935
3296 10683145 677
3297 10683822 1157
3298 10684979 6413
3299 10691392 10034
3300 10701426 3652
3301 10705078 12560
3302 10717638 1534
3303 10719172 188
3304 10719360 8123
3305 10727483 661
3306 10728144 662
3307 10728806 214
3308 10729020 5770
3309 10734790 9162
3310 10743952 3209
3311 10747161 1879
3312 10749040 3856
3313 10752896 3009
3314 10755905 225
3315 10756130 1587
3316 10757717 1817
3317 10759534 1267
3318 10760801 22909
3319 10783710 9113
3320 10792823 1871
3321 10794694 5855
3322 10800549 209
3323 10800758 6422
3324 10807180 937
3325 10808117 161
3326 10808278 2572
3327 10810850 2874
3328 10813724 3139
3329 10816863 8099
3330 10824962 172
3331 10825134 3283
3332 10828417 3082
3333 10831499 2246
3334 10833745 1989
3335 10835734 649
3336 10836383 631
3337 10837014 1055
3338 10838069 212
3339 10838281 9645
3340 10847926 5784
3341 10853710 857
3342 10854567 8390
3343 10862957 6614
3344 10869571 2322
3345 10871893 1501
3346 10873394 1921
3347 10875315 608
3348 10875923 620
3349 10876543 3529
3350 10880072 820
3351 10880892 1833
3352 10882725 3356
3353 10886081 663
3354 10886744 6379
3355 10893123 2140
3356 10895263 620
3357 10895883 1456
3358 10897339 656
3359 10897995 693
3360 10898688 684
3361 10899372 673
3362 10900045 3499
3363 10903544 2096
3364 10905640 1523
3365 10907163 4426
3366 10911589 3778
3367 10915367 688
3368 10916055 3898
3369 10919953 688
3370 10920641 674
3371 10921315 652
3372 10921967 645
3373 10922612 5606
3374 10928218 11911
3375 10940129 1750
3376 10941879 2388
3377 10944267 676
3378 10944943 9463
3379 10954406 1712
3380 10956118 3707
3381 10959825 8886
3382 10968711 6820
3383 10975531 3676
3384 10979207 173
3385 10979380 2839
3386 10982219 2059
3387 10984278 6091
3388 10990369 7947
3389 10998316 1768
3390 11000084 4460
3391 11004544 5863
3392 11010407 2199
3393 11012606 3754
3394 11016360 2527
3395 11018887 5846
3396 11024733 3565
3397 11028298 4031
3398 11032329 2454
3399 11034783 5102
3400 11039885 3517
3401 11043402 6416
3402 11049818 385
3403 11050203 612
3404 11050815 1612
3405 11052427 216
3406 11052643 191
3407 11052834 30439
3408 11083273 5309
3409 11088582 839
3410 11089421 1412
3411 11090833 2561
3412 11093394 1770
3413 11095164 2811
3414 11097975 935
3415 11098910 211
3416 11099121 638
3417 11099759 647
3418 11100406 648
3419 11101054 646
3420 11101700 1333
3421 11103033 1931
3422 11104964 2869
3423 11107833 1258
3424 11109091 3805
3425 11112896 9157
3426 11122053 3812
3427 11125865 603
3428 11126468 672
3429 11127140 5320
3430 11132460 3852
3431 11136312 7130
3432 11143442 3086
3433 11146528 3710
3434 11150238 3815
3435 11154053 5131
3436 11159184 2382
3437 11161566 1685
3438 11163251 4641
3439 11167892 483
3440 11168375 6913
3441 11175288 1420
3442 11176708 1495
3443 11178203 5927
3444 11184130 677
3445 11184807 4374
3446 11189181 4008
3447 11193189 4500
3448 11197689 1839
3449 11199528 677
3450 11200205 630
3451 11200835 9577
3452 11210412 2174
3453 11212586 640
3454 11213226 1514
3455 11214740 631
3456 11215371 693
3457 11216064 6953
3458 11223017 3266
3459 11226283 2570
3460 11228853 2610
3461 11231463 10448
3462 11241911 171
3463 11242082 1234
3464 11243316 1698
3465 11245014 4491
3466 11249505 10948
3467 11260453 205
3468 11260658 1777
3469 11262435 2276
3470 11264711 409
3471 11265120 4178
3472 11269298 194
3473 11269492 2248
3474 11271740 618
3475 11272358 11600
3476 11283958 4769
3477 11288727 170
3478 11288897 624
3479 11289521 632
3480 11290153 1287
3481 11291440 1109
3482 11292549 5268
3483 11297817 1484
3484 11299301 689
3485 11299990 3787
3486 11303777 1791
3487 11305568 647
3488 11306215 3872
3489 11310087 222
3490 11310309 1758
3491 11312067 5481
3492 11317548 704
3493 11318252 659
3494 11318911 3023
3495 11321934 688
3496 11322622 733
3497 11323355 1284
3498 11324639 180
3499 11324819 2580
3500 11327399 160
3501 11327559 927
3502 11328486 2785
3503 11331271 9067
3504 11340338 214
3505 11340552 5494
3506 11346046 1128
3507 11347174 1404
3508 11348578 618
3509 11349196 1616
3510 11350812 2822
3511 11353634 1819
3512 11355453 2384
3513 11357837 621
3514 11358458 9254
3515 11367712 1128
3516 11368840 3537
3517 11372377 629
3518 11373006 173
3519 11373179 1138
3520 11374317 1463
3521 11375780 664
3522 11376444 225
3523 11376669 1525
3524 11378194 8872
3525 11387066 4700
3526 11391766 923
3527 11392689 5517
3528 11398206 914
3529 11399120 3330
3530 11402450 1735
3531 11404185 10138
3532 11414323 1093
3533 11415416 2628
3534 11418044 1646
3535 11419690 161
3536 11419851 4029
3537 11423880 1504
3538 11425384 1487
3539 11426871 4550
3540 11431421 4608
3541 11436029 184
3542 11436213 2200
3543 11438413 1443
3544 11439856 646
3545 11440502 2670
3546 11443172 2985
3547 11446157 2606
3548 11448763 4557
3549 11453320 3196
3550 11456516 1543
3551 11458059 1686
3552 11459745 1410
3553 11461155 2739
3554 11463894 2662
3555 11466556 628
3556 11467184 8328
3557 11475512 644
3558 11476156 174
3559 11476330 162
3560 11476492 1915
3561 11478407 8920
3562 11487327 9879
3563 11497206 1646
3564 11498852 182
3565 11499034 5001
3566 11504035 3020
3567 11507055 2772
3568 11509827 630
3569 11510457 1678
3570 11512135 8041
3571 11520176 212
3572 11520388 3509
3573 11523897 176
3574 11524073 2860
3575 11526933 2595
3576 11529528 434
3577 11529962 916
3578 11530878 6190
3579 11537068 8864
3580 11545932 8435
3581 11554367 6347
3582 11560714 6157
3583 11566871 8640
3584 11575511 2492
3585 11578003 8939
3586 11586942 2809
3587 11589751 218
3588 11589969 195
3589 11590164 3104
3590 11593268 658
3591 11593926 4476
3592 11598402 219
3593 11598621 3336
3594 11601957 2142
3595 11604099 4487
3596 11608586 3742
3597 11612328 2740
3598 11615068 5790
3599 11620858 4679
3600 11625537 1240
3601 11626777 644
3602 11627421 2833
3603 11630254 2980
3604 11633234 3215
3605 11636449 1214
3606 11637663 6983
3607 11644646 3497
3608 11648143 4164
3609 11652307 625
3610 11652932 2072
3611 11655004 621
3612 11655625 616
3613 11656241 3113
3614 11659354 2733
3615 11662087 5747
3616 11667834 212
3617 11668046 693
3618 11668739 709
3619 11669448 691
3620 11670139 685
3621 11670824 685
3622 11671509 684
3623 11672193 10505
3624 11682698 652
3625 11683350 3662
3626 11687012 1197
3627 11688209 3128
3628 11691337 4433
3629 11695770 3930
3630 11699700 3740
3631 11703440 687
3632 11704127 7820
3633 11711947 3597
3634 11715544 3503
3635 11719047 1071
3636 11720118 5244
3637 11725362 3571
3638 11728933 621
3639 11729554 6335
3640 11735889 2449
3641 11738338 1628
3642 11739966 3724
3643 11743690 8577
3644 11752267 8519
3645 11760786 15488
3646 11776274 659
3647 11776933 2029
3648 11778962 2180
3649 11781142 6072
3650 11787214 197
3651 11787411 13544
3652 11800955 210
3653 11801165 2418
3654 11803583 634
3655 11804217 161
3656 11804378 1010
3657 11805388 6878
3658 11812266 1279
3659 11813545 1435
3660 11814980 1797
3661 11816777 1408
3662 11818185 644
3663 11818829 5364
3664 11824193 4757
3665 11828950 2509
3666 11831459 660
3667 11832119 8404
3668 11840523 2076
3669 11842599 3080
3670 11845679 2000
3671 11847679 5680
3672 11853359 13670
3673 11867029 1961
3674 11868990 1897
3675 11870887 642
3676 11871529 1081
3677 11872610 4058
3678 11876668 728
3679 11877396 11259
3680 11888655 2091
3681 11890746 1991
3682 11892737 8394
3683 11901131 1639
3684 11902770 3669
3685 11906439 4816
3686 11911255 2956
3687 11914211 200
3688 11914411 2217
3689 11916628 1159
3690 11917787 2429
3691 11920216 1795
3692 11922011 4564
3693 11926575 1799
3694 11928374 678
3695 11929052 3879
3696 11932931 6446
3697 11939377 641
3698 11940018 3165
3699 11943183 22082
3700 11965265 1049
3701 11966314 5102
3702 11971416 741
3703 11972157 636
3704 11972793 664
3705 11973457 6343
3706 11979800 10741
3707 11990541 10084
3708 12000625 7349
3709 12007974 2381
3710 12010355 644
3711 12010999 148
3712 12011147 2822
3713 12013969 2224
3714 12016193 2956
3715 12019149 3242
3716 12022391 2599
3717 12024990 3859
3718 12028849 1028
3719 12029877 13028
3720 12042905 4490
3721 12047395 175
3722 12047570 3337
3723 12050907 15099
3724 12066006 5735
3725 12071741 154
3726 12071895 1233
3727 12073128 651
3728 12073779 638
3729 12074417 617
3730 12075034 2767
3731 12077801 5403
3732 12083204 8319
3733 12091523 649
3734 12092172 1453
3735 12093625 1905
3736 12095530 1682
3737 12097212 5439
3738 12102651 7197
3739 12109848 3068
3740 12112916 1088
3741 12114004 1762
3742 12115766 919
3743 12116685 4366
3744 12121051 4283
3745 12125334 1759
3746 12127093 1999
3747 12129092 7410
3748 12136502 4026
3749 12140528 3735
3750 12144263 3778
3751 12148041 703
3752 12148744 173
3753 12148917 6410
3754 12155327 3665
3755 12158992 30733
3756 12189725 3790
3757 12193515 7784
3758 12201299 190
3759 12201489 5870
3760 12207359 672
3761 12208031 5521
3762 12213552 5179
3763 12218731 3041
3764 12221772 4794
3765 12226566 7998
3766 12234564 7858
3767 12242422 1337
3768 12243759 1731
3769 12245490 2959
3770 12248449 179
3771 12248628 3282
3772 12251910 154
3773 12252064 198
3774 12252262 8904
3775 12261166 4462
3776 12265628 528
3777 12266156 663
3778 12266819 2600
3779 12269419 3131
3780 12272550 962
3781 12273512 167
3782 12273679 2633
3783 12276312 4099
3784 12280411 8154
3785 12288565 641
3786 12289206 1773
3787 12290979 2603
3788 12293582 3346
3789 12296928 2225
3790 12299153 3873
3791 12303026 1117
3792 12304143 786
3793 12304929 1946
3794 12306875 2184
3795 12309059 645
3796 12309704 620
3797 12310324 620
3798 12310944 5740
3799 12316684 620
3800 12317304 148
3801 12317452 5304
3802 12322756 1448
3803 12324204 2888
3804 12327092 1793
3805 12328885 633
3806 12329518 160
3807 12329678 166
3808 12329844 7908
3809 12337752 1480
3810 12339232 1596
3811 12340828 19772
3812 12360600 1450
3813 12362050 6873
3814 12368923 6633
3815 12375556 5673
3816 12381229 641
3817 12381870 1947
3818 12383817 2719
3819 12386536 2742
3820 12389278 4457
3821 12393735 3261
3822 12396996 188
3823 12397184 173
3824 12397357 173
3825 12397530 1773
3826 12399303 2847
3827 12402150 1139
3828 12403289 1216
3829 12404505 642
3830 12405147 3194
3831 12408341 182
3832 12408523 5241
3833 12413764 8360
3834 12422124 7400
3835 12429524 3443
3836 12432967 623
3837 12433590 5497
3838 12439087 1973
3839 12441060 1961
3840 12443021 3788
3841 12446809 200
3842 12447009 2684
3843 12449693 160
3844 12449853 5243
3845 12455096 1577
3846 12456673 638
3847 12457311 2410
3848 12459721 4818
3849 12464539 634
3850 12465173 2333
3851 12467506 7370
3852 12474876 163
3853 12475039 867
3854 12475906 6262
3855 12482168 3659
3856 12485827 9444
3857 12495271 3784
3858 12499055 3423
3859 12502478 4471
3860 12506949 5520
3861 12512469 638
3862 12513107 2072
3863 12515179 2792
3864 12517971 2757
3865 12520728 3258
3866 12523986 6457
3867 12530443 18426
3868 12548869 2224
3869 12551093 10591
3870 12561684 663
3871 12562347 684
3872 12563031 15387
3873 12578418 2047
3874 12580465 649
3875 12581114 4686
3876 12585800 681
3877 12586481 681
3878 12587162 6800
3879 12593962 5367
3880 12599329 2121
3881 12601450 1460
3882 12602910 6373
3883 12609283 3959
3884 12613242 637
3885 12613879 2653
3886 12616532 2722
3887 12619254 934
3888 12620188 4550
3889 12624738 1503
3890 12626241 4572
3891 12630813 2596
3892 12633409 1589
3893 12634998 1537
3894 12636535 1558
3895 12638093 531
3896 12638624 1002
3897 12639626 687
3898 12640313 4620
3899 12644933 6547
3900 12651480 4255
3901 12655735 1994
3902 12657729 3602
3903 12661331 1397
3904 12662728 2942
3905 12665670 628
3906 12666298 1985
3907 12668283 637
3908 12668920 1458
3909 12670378 3098
3910 12673476 3618
3911 12677094 641
3912 12677735 656
3913 12678391 3518
3914 12681909 657
3915 12682566 2689
3916 12685255 1163
3917 12686418 2027
3918 12688445 1649
3919 12690094 1360
3920 12691454 1801
3921 12693255 658
3922 12693913 3645
3923 12697558 7031
3924 12704589 4152
3925 12708741 7782
3926 12716523 10506
3927 12727029 11148
3928 12738177 3447
3929 12741624 650
3930 12742274 2404
3931 12744678 1672
3932 12746350 162
3933 12746512 2376
3934 12748888 3897
3935 12752785 3988
3936 12756773 1553
3937 12758326 681
3938 12759007 5099
3939 12764106 1849
3940 12765955 706
3941 12766661 3752
3942 12770413 2070
3943 12772483 647
3944 12773130 4603
3945 12777733 2602
3946 12780335 173
3947 12780508 5821
3948 12786329 657
3949 12786986 2438
3950 12789424 1612
